100 200
572.028701 39.657061
287.544173 346.835985
283.966328 542.369686
678.826283 847.015142
826.344777 728.626117
788.614871 15.893354
724.081872 703.347100
335.284868 282.208434
46.026141 90.155604
431.593087 639.720848
42.848434 699.886509
350.030861 999.172444
304.694428 362.388846
463.714557 349.183309
738.677846 633.077501
393.850641 438.031226
698.519855 969.479222
692.663034 462.672176
412.117185 888.057832
969.772388 557.025182
447.548359 557.891716
230.368387 708.457483
334.003017 265.316378
335.117450 99.571465
611.347252 192.433586
914.600393 771.807984
520.512790 992.427938
775.175419 938.045228
266.626205 715.920209
818.514049 233.285630
287.769270 745.126716
763.658774 685.688737
244.489384 526.382396
508.302741 214.620391
508.654625 56.624240
795.093736 18.053869
774.975369 275.721641
959.115715 298.572188
44.490117 744.078182
924.303328 395.384711
636.540768 243.719196
289.395829 539.185690
74.237820 231.118380
298.138923 127.346190
658.144056 391.305410
723.794057 628.844533
293.880478 895.336168
214.616739 971.505459
671.585666 346.995692
444.816837 538.531010
208.635991 819.643407
494.615144 706.971505
261.760713 830.399107
243.362619 197.697636
990.662487 576.407261
201.289462 374.600188
912.480579 266.706057
128.303829 30.156821
624.910371 923.267283
992.360200 125.170120
395.519568 596.061175
305.270467 412.394780
315.777726 539.540737
640.431018 866.936125
500.542916 531.727697
184.791608 370.716023
377.225004 182.122616
506.492876 153.966422
453.572444 770.949657
329.951095 83.624733
79.005576 889.786498
1.770345 6.669607
621.645990 912.418080
503.713635 5.849098
171.668262 114.792632
323.066486 605.918047
351.326943 84.247277
226.077498 680.415046
62.987926 910.709208
996.762569 52.173496
38.720245 536.367976
501.210288 555.175556
868.480728 555.353469
16.628687 631.021517
778.650731 701.242752
624.723614 370.201644
808.660035 237.758556
610.601890 276.520860
190.660696 476.810890
231.243423 932.441665
675.689180 688.072569
921.687579 173.773914
269.482143 735.568255
992.431835 344.054638
342.087713 879.295938
138.140873 692.124793
357.640726 313.688687
625.617040 0.824396
534.146828 179.763494
858.083960 90.390920
1.346534 975.983450 18.110803 8
146.339813 504.669568 33.709914 5
901.716876 687.730767 38.732397 4
438.813859 789.612527 62.706921 4
964.922189 40.488242 92.538006 4
209.109521 959.433527 106.543665 7
696.878660 715.514717 117.636511 8
63.592324 904.878112 124.776631 3
163.015980 328.356429 126.022194 2
617.063246 327.474831 141.029953 4
880.840492 719.013780 151.691973 8
713.145127 506.719732 151.877259 7
654.555614 673.982303 179.492235 4
747.371676 997.785065 183.252106 9
942.261766 96.492016 194.312174 6
213.943777 673.319633 226.466036 6
181.711731 394.635147 229.707817 9
200.754287 860.160757 237.051609 8
587.847022 984.093297 246.374114 1
615.316453 636.046852 259.346620 9
212.501509 880.475713 284.847196 4
418.596789 389.763272 295.952742 1
665.303739 84.060139 329.179767 4
188.325491 401.623220 332.303497 1
98.339904 473.030538 332.531934 7
685.534629 392.831935 334.747128 3
945.117659 399.082498 337.928301 2
238.492026 528.346426 342.192946 2
417.752194 544.936819 344.427426 4
866.063833 251.672934 347.853143 5
225.800070 483.008279 365.168494 6
158.368512 19.543944 377.122575 7
909.633915 857.558429 397.071011 9
523.716124 718.063957 404.052270 6
802.528704 580.035246 428.313309 3
204.291165 239.811791 429.083053 4
216.099206 160.270331 432.843068 5
442.339657 754.726473 438.515905 2
413.463314 596.586290 440.304044 8
322.800347 704.106899 452.376723 2
653.954692 369.668185 485.635700 1
165.274019 658.752906 488.884330 9
940.820847 186.679321 502.277483 6
799.605789 987.658111 514.113845 5
902.762304 899.062465 522.599163 3
183.046799 393.541773 525.455568 2
930.264574 971.660723 526.330288 7
840.704695 194.144151 532.857965 6
940.746372 675.515481 542.535511 4
578.687352 683.954490 543.892679 1
733.796036 813.438185 545.648317 1
801.869169 207.887073 558.671451 1
269.533440 244.880503 562.529773 3
728.209511 553.793619 586.236819 9
522.052328 375.452482 589.077404 10
95.216706 171.282837 608.371485 9
900.025086 706.104544 615.481379 1
60.518310 840.970211 629.920187 9
523.094598 959.943345 637.938364 1
530.631401 381.718037 650.527854 4
781.340728 554.757035 655.327013 1
725.025174 973.429351 659.068235 5
104.189766 971.978819 687.924742 1
834.301252 313.603056 700.090651 1
879.808785 950.729503 703.099899 10
935.548250 183.694487 705.341990 4
446.066418 511.583544 710.524117 1
6.004049 459.025623 751.241772 6
75.355469 902.483814 762.559114 5
544.294327 582.077506 766.372280 4
784.725782 29.395314 776.797019 6
499.950487 940.567269 781.505367 4
54.940507 119.193276 786.895641 7
575.776235 338.120472 788.718282 6
132.058643 605.463862 800.502844 10
733.849959 854.964662 821.340282 1
747.745952 251.926624 829.977293 5
821.307766 933.628632 835.392300 2
790.689747 12.502539 836.285547 7
290.197877 292.780821 888.454480 9
545.033522 127.403970 894.700586 8
751.986926 827.361832 925.442421 6
384.196538 364.520996 934.696015 4
882.622016 812.202475 940.351463 9
144.415593 184.305051 941.327703 3
324.005514 395.071348 943.158439 10
59.857722 81.982308 952.720738 7
501.908928 907.271713 963.415509 10
126.343369 506.087150 984.617992 6
371.881434 708.220148 989.044272 1
742.567697 397.344423 997.657464 2
180.860500 528.328765 1001.731681 7
298.495816 979.659133 1003.095043 6
509.930397 461.832866 1006.804820 7
818.542588 447.901897 1014.234818 2
907.723900 788.568714 1020.251560 10
194.643112 210.410029 1023.386984 9
834.761516 38.544306 1027.110652 5
359.158625 963.216001 1032.704267 2
55.752399 918.470285 1049.713565 5
116.909114 359.142407 1058.593300 7
828.343190 836.349584 1061.249302 7
62.852944 993.403013 1067.321563 8
590.914327 702.493661 1078.483926 1
49.343412 829.475846 1088.119128 2
467.418085 670.801904 1110.145595 4
983.887770 517.397808 1110.911493 3
451.054021 951.759294 1127.609449 3
135.194055 716.808957 1128.922997 10
975.943413 966.365279 1128.951002 3
832.779545 659.834853 1133.246250 6
571.326114 124.443507 1136.103529 2
945.962274 476.580992 1155.475020 9
554.158637 22.460665 1185.476372 3
893.210703 525.908000 1195.202237 6
942.522878 325.584315 1210.039720 10
887.565883 130.000770 1218.867578 9
43.461244 918.677225 1246.957476 3
478.967396 507.754111 1252.429395 2
816.973333 32.743040 1276.209441 5
888.139491 325.080638 1285.806634 4
482.440381 797.767641 1320.987319 1
693.907684 344.705919 1324.724847 3
485.833452 926.710877 1344.576851 8
218.684291 50.229474 1344.710174 3
559.521619 105.661975 1352.384213 7
949.253241 472.013911 1355.373946 3
37.941179 513.014322 1368.817408 4
86.467405 497.515838 1376.149194 6
949.162907 463.887804 1394.449981 4
358.219892 536.955735 1399.058650 1
644.207409 528.392957 1414.816416 9
717.613066 749.799662 1436.354355 6
481.887512 588.722066 1437.677235 4
694.700795 926.644591 1440.657026 10
301.369684 478.903347 1444.671734 2
35.599685 819.478315 1465.437815 6
318.497186 490.562413 1468.335407 2
525.451701 985.578699 1469.379672 10
459.454783 813.503295 1469.986875 3
103.547475 666.229917 1471.976599 7
396.177816 745.529776 1487.817263 7
392.605328 934.608125 1488.912026 3
681.029133 632.436414 1497.166475 1
358.898267 429.272657 1506.572511 3
3.960946 920.286360 1522.800469 3
215.577045 357.072197 1527.525432 1
889.557618 230.677594 1532.433538 1
899.755900 144.611726 1541.848301 8
152.316688 85.065181 1547.935456 5
309.944044 456.361487 1565.713383 4
348.252301 717.994865 1586.852767 6
972.097293 801.475257 1592.688109 4
985.828353 635.751666 1593.133564 10
64.330519 940.843950 1613.279075 4
353.904109 959.259782 1621.692442 7
631.359115 422.133034 1637.507049 6
32.232377 747.347581 1648.089143 1
646.855739 137.831020 1649.403496 1
41.538365 514.924749 1653.846778 1
547.303907 665.289871 1656.126301 7
477.401620 592.992878 1659.880146 3
838.910146 478.044720 1666.842698 9
683.044413 298.654624 1666.974224 2
669.451874 992.522029 1680.741398 4
719.452439 74.803491 1682.211486 1
555.113338 472.117220 1687.761803 7
408.514855 439.897172 1689.064235 7
105.156131 436.360356 1710.621120 9
684.704125 866.663362 1716.645987 5
854.334113 519.245115 1732.023173 10
806.956602 314.733246 1741.677243 4
848.980351 392.458272 1742.728204 5
266.615277 285.185755 1748.681458 10
519.832425 919.044375 1750.223966 6
764.306767 703.774281 1752.150737 3
308.118652 482.795392 1766.020871 8
337.595235 930.448241 1768.650730 8
991.244364 146.622481 1768.768020 1
823.378785 264.695889 1777.049447 7
394.245731 899.236081 1779.127168 4
899.265465 886.045556 1789.002078 8
660.646611 918.034966 1850.553815 8
610.269921 426.181069 1860.563681 7
3.514616 208.293068 1873.490833 10
186.639068 318.490730 1887.744503 4
381.614401 146.036853 1901.140438 2
342.604052 605.125269 1905.770095 6
787.709123 484.164694 1912.483125 9
270.821518 169.530521 1933.816108 9
125.823876 907.924399 1934.158590 3
321.809460 418.129439 1937.028996 10
595.296324 4.235218 1949.043659 7
193.478098 419.068953 1976.067254 10
53.470733 78.797646 1977.588602 3
54.713597 316.947845 1977.800945 8
425.396678 864.356491 1982.329775 2
976.867949 245.487703 1990.782633 8
600.262503 378.157658 1993.574205 3
852.533252 223.705854 1997.061793 3
