100 1000
812.503017 507.548216
814.804123 499.283995
830.631210 521.070280
802.095096 502.166508
815.907960 499.692692
814.587034 518.291703
816.196894 500.261656
826.021188 499.673993
809.646093 507.087505
808.945977 504.405885
816.653323 499.529635
805.130309 463.941151
830.427659 506.105672
821.771129 512.936764
826.313078 489.501885
820.979625 498.928168
839.401700 498.332320
791.296040 489.983791
809.868873 484.604905
809.969193 476.802918
815.455959 507.171880
806.814952 487.930150
837.807725 493.167942
837.669475 525.508661
826.228545 500.092904
820.299536 502.749961
813.481721 496.663506
805.481394 506.334219
833.745440 494.993419
834.532418 494.338704
809.732460 504.996622
820.547308 502.420366
816.201404 499.566559
835.602602 491.663884
794.336061 490.773422
820.422595 507.284799
812.670469 497.820299
811.940728 500.889141
798.003086 491.886611
813.738374 509.076343
804.325857 478.585415
828.173814 478.441608
802.376824 498.642717
813.217431 505.333303
818.611248 491.024661
804.849050 501.196472
812.782010 499.789315
824.270479 500.935747
819.215060 498.683288
825.086847 495.979540
818.349707 498.523996
792.187496 503.867650
834.531458 507.045187
808.001583 505.228116
826.426091 536.078869
817.328296 497.371716
812.941394 499.303300
803.224502 502.544697
810.654904 502.220251
828.474384 483.147853
794.041242 507.216982
821.446379 507.270376
791.259087 514.774718
815.652050 499.744939
832.230404 486.528587
819.583697 514.278176
787.261405 497.199619
814.122758 506.335757
818.128004 488.072089
841.671298 478.707998
803.641205 529.995101
811.649903 506.253568
822.224964 517.911616
822.565219 504.785974
817.189751 505.353607
817.984697 500.973545
812.938707 506.042787
820.169765 499.142263
813.543857 524.094825
813.964166 498.949297
777.974344 497.628309
818.006017 495.999160
806.131795 477.820374
817.686490 509.650344
818.076218 488.298847
811.478611 494.798052
805.356981 499.865114
822.055352 493.122611
816.891709 500.967628
826.201588 487.792874
810.053216 490.382106
818.078105 492.343486
800.608680 503.890964
831.046987 503.491731
816.545187 490.982815
810.501235 506.727925
816.168113 482.526769
816.616314 500.502398
803.465435 528.581448
830.070042 494.004444
814.357494 490.819398 10.148892 2
829.671993 469.478734 15.790802 8
801.386062 492.295675 22.408968 1
816.000559 495.101560 62.410811 1
819.788756 497.514187 76.688839 5
816.012104 500.085981 86.498604 7
797.078523 490.012848 93.321158 1
848.501859 478.441502 104.914416 7
805.516225 486.091728 124.492929 4
814.196247 503.382231 126.584606 6
812.564918 507.309761 138.684781 6
818.156436 468.986150 141.319980 7
776.313209 517.902310 145.033618 5
830.137357 484.087300 148.597517 9
820.102495 485.165141 164.744934 9
836.881455 507.695160 167.656481 1
824.437012 495.773678 169.193399 7
831.387570 501.896012 183.100327 4
838.451368 528.516833 192.894498 9
803.620953 495.264081 214.596680 9
814.568524 482.689810 221.973070 8
819.805434 493.101716 230.259267 1
836.443313 490.656445 266.753205 8
830.983138 503.647793 268.615172 7
814.861560 502.891996 268.767669 1
800.262085 512.336208 276.342214 2
809.520131 488.534404 301.764526 5
842.123372 507.316407 306.872886 2
824.230927 482.465625 307.241826 3
800.052079 517.352275 332.695424 2
813.694607 469.970310 339.568637 1
813.965065 502.342402 347.168435 9
806.578191 505.178714 363.396245 2
840.271335 504.322988 399.408886 10
836.361411 512.520184 401.016051 1
838.018622 528.848596 401.681349 8
810.173829 483.016542 404.813032 3
816.648683 489.643864 429.129908 3
850.323229 488.533031 444.046639 10
824.620177 488.306600 449.743443 9
810.005280 480.367845 454.820262 6
826.083060 519.044465 460.349778 2
826.296678 502.988718 478.590228 3
812.500260 488.025776 486.443894 4
810.584058 518.886594 489.662544 3
827.119148 506.062533 501.875845 4
803.669916 501.381102 509.106517 5
811.492092 510.340061 563.672055 7
811.476735 500.132792 568.318345 4
816.536948 501.611929 597.918967 5
811.817570 499.101246 599.287418 10
810.591472 496.969582 608.106178 3
825.289929 493.582906 613.768813 9
796.714257 514.979523 624.666955 3
808.430599 516.736125 630.686816 1
814.162105 504.329124 639.215020 1
816.609522 500.713844 650.469372 5
840.916923 500.975188 674.709548 6
805.841945 493.157704 677.381341 7
833.952099 487.893384 678.261660 9
818.242704 500.069466 700.884876 8
799.237210 502.662831 737.303826 4
793.400292 518.212834 743.933668 10
830.879200 505.423193 761.198330 1
832.092631 489.389807 763.297937 10
830.761137 498.152664 771.185478 5
826.542810 478.715043 786.761189 1
827.480978 506.298461 791.090517 8
812.694961 528.039618 796.640890 3
818.006939 499.758421 800.868448 6
815.436438 511.483979 802.693469 6
825.213502 480.211721 813.819732 1
824.804272 505.346829 818.133139 1
807.808731 493.104992 821.442128 1
816.418612 500.163987 837.747983 7
816.574386 500.824817 844.772803 3
819.788543 496.302898 857.426728 6
817.673569 499.402936 861.023727 9
808.037886 496.506479 881.736006 3
815.380270 528.456600 894.621901 7
799.974158 497.860670 900.033348 6
813.704537 483.669493 919.173039 6
825.534847 504.349652 921.311820 9
802.338489 481.389721 926.047336 9
814.678162 502.151749 955.628058 9
816.647764 501.293979 956.631407 10
808.550401 497.440782 960.585011 4
826.105779 478.198654 973.659660 4
838.602900 514.869702 975.500223 2
784.628689 490.355945 990.855214 10
818.343156 514.053082 1005.932633 5
826.364680 507.098257 1027.412502 7
812.525838 502.249575 1044.180731 6
816.671657 504.778437 1049.151136 10
808.454437 507.680432 1050.234842 2
839.470855 529.010197 1053.690740 4
818.954471 500.431629 1058.216845 9
821.098527 497.080845 1087.594279 10
815.427927 504.915122 1097.910931 3
816.359533 501.351299 1103.002846 9
815.238960 498.227280 1110.468457 7
808.848007 495.069248 1114.196971 1
820.935226 494.868273 1154.833422 10
843.422610 504.270174 1162.552649 10
820.585573 461.966658 1165.034235 6
781.078636 520.520864 1194.824200 6
812.467115 469.295544 1219.111501 7
817.158808 499.364957 1227.713658 7
806.786106 518.786254 1241.224841 2
801.184914 517.311423 1258.865586 7
818.858976 489.369103 1264.400114 5
813.454368 495.737783 1276.006296 4
850.461271 491.465220 1276.380778 1
818.331045 519.060139 1303.664964 7
810.511251 487.799798 1306.883696 1
822.692291 509.593932 1328.788935 1
822.911851 499.307714 1348.497954 9
813.592432 484.328471 1352.956862 9
833.155465 518.596404 1360.455314 3
815.950448 501.084545 1402.042294 3
808.759642 524.247959 1409.044553 5
807.722004 481.897739 1422.198093 7
818.462505 528.370281 1441.948614 1
855.733465 493.933269 1442.182236 4
820.218567 499.604664 1463.459365 9
798.491782 502.216226 1505.213412 6
820.313745 499.116762 1526.032447 5
815.188032 508.454162 1528.574643 5
844.321288 488.419288 1529.415492 10
828.002942 486.547471 1534.823002 1
837.414136 508.793153 1535.418010 4
815.184744 500.188531 1560.744855 4
809.660643 476.720462 1563.685364 3
798.938903 495.383481 1564.118898 8
821.621115 494.178677 1568.211913 1
808.403276 495.616914 1573.878447 10
806.954221 512.055735 1581.847880 1
815.891408 499.877748 1590.672258 2
812.331501 494.162018 1595.173237 1
800.714940 493.786217 1600.790292 10
820.703012 504.565568 1623.223178 3
812.407185 492.379369 1623.270098 9
824.998485 466.614419 1630.178720 7
773.933606 485.163571 1630.361364 7
804.730241 521.426820 1647.601902 5
821.479912 511.566390 1660.175293 9
813.354460 534.962910 1662.106249 2
807.887476 505.000519 1662.828046 3
788.518099 505.052230 1665.969962 8
807.520295 527.307909 1683.853074 9
789.357291 525.120506 1691.960588 6
806.475161 489.711475 1699.766475 7
814.084123 518.585054 1706.572660 9
823.199515 501.350188 1711.680260 3
817.010653 500.523451 1717.175098 10
806.699546 514.272579 1720.736831 3
777.120396 491.146768 1732.726499 8
806.111974 506.591865 1741.238854 8
807.051379 529.567316 1741.269164 4
811.571776 499.320818 1754.536425 5
811.944104 487.783219 1787.435598 3
846.666641 478.593259 1801.573896 4
816.493372 482.240465 1833.308515 1
772.896464 512.369539 1835.887738 8
826.010030 513.914952 1840.218390 1
822.696653 505.361688 1841.511784 6
817.558703 516.437445 1845.443718 6
820.084325 493.676202 1847.007408 9
827.686974 504.217330 1852.720537 6
861.423102 491.141435 1858.113407 8
804.395656 502.144077 1860.168599 9
815.213668 497.166619 1866.936053 6
805.934852 518.967065 1900.298757 9
797.244270 510.757994 1912.556849 9
813.001900 500.438814 1913.423325 3
811.148795 494.191766 1919.221339 10
814.581206 513.868781 1936.103660 1
809.559298 507.576005 1936.205596 9
810.513005 485.641215 1941.695952 6
803.450073 487.429310 1942.928193 4
819.539491 497.290131 1973.246352 4
810.278230 495.896989 1974.456531 1
809.273562 519.505936 1976.538762 8
820.615060 501.380578 1987.091440 9
821.187412 503.381255 2001.363888 10
834.658536 516.460188 2001.869169 1
806.041390 500.460031 2003.958013 4
847.272980 506.855933 2009.058300 2
810.783647 500.493872 2017.016159 5
802.636339 462.714027 2034.209245 2
836.100005 489.576366 2040.397223 6
838.578862 479.878538 2041.063751 7
802.074319 495.338902 2048.972194 5
824.329032 480.657568 2058.284593 10
802.447099 493.377936 2059.966412 4
825.583289 493.406198 2071.771529 5
819.285327 502.098613 2086.774009 4
832.025940 533.913820 2094.975370 9
816.690061 481.804423 2106.745257 8
797.429437 507.386366 2106.792554 7
849.934528 517.218983 2108.180429 10
847.695425 510.081423 2113.898581 4
829.768109 503.811247 2144.450085 1
830.630697 500.327824 2155.295766 4
824.392987 513.430582 2166.949962 10
806.437343 509.752355 2172.041119 4
816.236029 502.747226 2187.181790 3
808.734207 499.885456 2203.278967 6
815.916781 500.997265 2210.723542 4
811.512962 494.830622 2214.366114 6
848.369065 511.426040 2217.616959 1
812.100138 509.274470 2220.888952 6
813.545112 498.489218 2243.634988 2
843.427957 514.798297 2245.705450 1
805.501567 494.239018 2259.879782 5
822.845548 510.206081 2263.491792 4
804.898071 523.371476 2269.408086 2
810.985848 488.828244 2275.446977 10
825.733604 508.639656 2279.079702 1
815.340883 498.995101 2288.746658 2
795.462525 490.685611 2290.122672 10
831.378352 490.215704 2308.783041 3
816.951601 497.595339 2311.482715 7
810.611420 496.352311 2313.522625 8
825.154549 488.450820 2322.234517 7
814.626354 500.159943 2342.193371 5
816.944715 501.687130 2345.972116 5
831.281926 488.829340 2346.797574 7
815.293574 505.447736 2348.006222 4
819.538783 500.947656 2363.009116 8
837.748653 496.168685 2397.157877 2
817.349359 499.538296 2405.999622 7
818.269469 505.639270 2421.940411 10
836.413590 467.589022 2425.668653 2
811.438171 497.842185 2429.221250 6
827.926852 468.451166 2450.011210 8
825.367565 533.152008 2450.512028 2
805.370192 507.783862 2467.634882 2
857.676458 523.126376 2493.109879 10
811.806099 497.526193 2494.990085 3
804.561466 512.101923 2495.540356 1
820.296993 506.693098 2516.561162 5
791.656834 501.562021 2520.593704 5
797.871423 498.891724 2532.161504 3
816.706974 499.057484 2535.795907 5
795.186763 513.241278 2544.121359 3
847.854821 508.929641 2545.121958 9
815.277275 498.008082 2552.654375 4
805.139303 531.909204 2563.257618 9
820.161906 495.679355 2568.397451 4
784.612509 471.646150 2593.795136 8
837.388719 515.749278 2601.375237 6
819.616023 498.216453 2616.468204 9
816.872941 495.770571 2620.103701 3
811.831577 506.486648 2626.253358 10
810.051799 523.486247 2637.389142 1
824.395201 476.257590 2649.040765 3
809.661715 504.574614 2650.830401 6
813.009269 493.735999 2652.229057 5
834.988422 519.730563 2653.207684 2
821.219334 504.461118 2653.617490 10
810.977551 492.637124 2678.366476 6
819.270925 483.234804 2678.915961 10
806.581946 511.147910 2683.570392 10
794.841713 475.152932 2696.295444 10
812.598108 504.765017 2716.266756 5
820.609907 499.054645 2728.859510 2
830.355091 525.509719 2762.600995 3
827.684063 490.708576 2773.089204 3
804.702882 507.581711 2786.934397 1
868.606386 519.301135 2791.589148 9
816.167949 500.181313 2794.257136 8
819.180907 505.614378 2794.893456 10
812.837752 494.723536 2800.266763 8
814.368449 493.637406 2806.676065 4
812.309376 498.584113 2813.716176 1
824.437841 482.192482 2813.771945 10
815.668277 495.036424 2813.892455 5
841.774923 504.779804 2827.231569 10
847.351805 473.396432 2828.173442 7
811.493320 494.789654 2829.062429 3
807.439043 530.326215 2835.770683 3
839.199287 495.867623 2847.786924 10
814.796954 486.600238 2887.000765 2
814.826074 500.675409 2888.851568 4
800.253002 507.312196 2894.798506 2
823.076702 504.709029 2900.387308 10
806.820407 495.872357 2901.677734 4
852.182285 513.258574 2922.964084 4
822.522415 491.674719 2929.230166 8
818.459559 495.492602 2931.376809 2
829.475471 506.876995 2959.836027 1
799.930522 483.092893 2975.684594 7
817.288494 506.963177 2987.165000 4
784.735428 509.157541 2999.913040 6
841.611294 513.973207 3037.283612 5
795.809254 482.911711 3044.054959 6
795.111886 527.830265 3055.812356 5
811.407123 530.784982 3063.093653 4
829.491926 502.326083 3094.052982 2
840.183494 505.263003 3096.202812 7
803.168948 505.061150 3098.090663 9
837.918197 507.128165 3111.954081 6
807.422538 516.952123 3134.704052 4
812.110107 503.669131 3135.536230 5
792.327444 498.069685 3147.979941 10
799.422178 524.207270 3152.508434 5
814.302187 491.507978 3160.263633 7
812.016158 456.486376 3168.917757 1
816.636878 503.309517 3176.307789 5
852.213113 545.488772 3224.750854 2
820.089011 507.955043 3225.495980 10
827.725231 504.265847 3252.339396 1
817.574415 523.627643 3253.732867 6
777.183048 493.575320 3255.282155 2
834.178514 509.485134 3259.340465 9
795.534300 473.934960 3264.763621 3
837.720130 517.064952 3288.277416 4
816.948799 505.440282 3288.517925 8
815.934777 500.352012 3293.117854 2
819.778483 488.753928 3304.414666 7
842.833275 496.961904 3310.342472 3
848.279574 486.086407 3318.225796 10
789.242731 494.722435 3318.985482 4
822.592751 499.184437 3319.206698 9
830.872933 492.191463 3323.265335 10
817.962991 499.116571 3326.732624 1
829.283692 504.035451 3337.198509 5
775.106331 495.480049 3342.396166 9
836.082960 477.553690 3383.409605 1
873.888595 493.691314 3388.149596 9
826.355870 496.579517 3392.835579 9
820.501944 502.353189 3400.533817 10
799.126167 504.126508 3417.614333 2
822.184198 493.176197 3425.781580 10
814.875061 490.365714 3426.422134 1
828.410382 492.958308 3432.324726 9
819.299095 518.073282 3434.814029 2
806.690944 494.168775 3449.150589 2
803.941811 515.625601 3465.011285 5
835.135375 499.458223 3469.950359 5
815.513889 492.091929 3475.511364 4
771.095318 505.970706 3479.037918 10
793.445861 511.558460 3489.388034 4
823.574085 502.075754 3490.848044 4
806.772066 468.261714 3492.975315 8
817.584671 522.516625 3494.612838 8
813.639884 517.295627 3512.960789 8
839.239465 509.229612 3514.209527 8
827.289477 514.368807 3522.022602 9
815.583727 501.030791 3526.402062 2
834.966422 478.085183 3533.224264 3
825.579898 520.110538 3542.863556 10
823.130038 491.029502 3546.313980 1
803.411728 493.077302 3552.443868 8
821.188399 480.794182 3553.851347 4
824.182987 505.584087 3554.018203 10
794.427019 512.767891 3554.304095 10
822.626639 488.863742 3567.346079 1
806.093990 514.400523 3575.498582 10
810.138115 504.803021 3575.706696 10
836.826653 521.305400 3593.566303 8
821.083206 507.840991 3593.837243 3
816.088180 513.079088 3596.087382 4
816.176882 508.291346 3604.896433 2
827.225075 476.837797 3606.754707 3
818.759216 499.981127 3610.551582 8
803.197980 476.136532 3628.161111 9
806.996400 504.229545 3632.215948 4
783.959556 516.872383 3632.699556 8
815.322565 500.996412 3674.177381 4
818.166944 501.141286 3693.525172 1
837.511444 512.651241 3695.828760 8
810.758209 516.483839 3697.282521 5
818.363509 506.365283 3699.387282 8
817.135531 508.451226 3709.465259 6
830.808953 485.613192 3724.842402 1
809.700175 502.673925 3744.796430 6
830.085102 504.943164 3754.975874 10
837.845838 503.163937 3762.020214 3
826.795036 502.786487 3763.562424 5
813.491261 498.095172 3764.104596 4
821.820422 505.212617 3775.324499 6
796.176683 477.160335 3776.631184 5
780.786764 489.626570 3776.889345 7
832.193728 523.634723 3777.467628 2
810.126553 509.644958 3785.013823 8
828.019041 502.482938 3812.967448 4
803.040773 505.410803 3824.493159 8
789.938881 501.953556 3841.579859 1
838.363763 518.343693 3860.282593 10
836.913830 531.323125 3872.376729 7
816.972613 503.709726 3878.667221 1
808.256872 530.769863 3884.293073 5
835.197437 496.857252 3903.938878 8
824.101765 482.635581 3914.391523 4
816.420395 499.679087 3931.194747 4
805.430142 496.760713 3935.245589 8
814.641313 512.398296 3935.832211 5
823.287821 516.464770 3950.986735 10
803.948007 513.450374 3960.586792 10
844.356417 476.339592 3965.843740 9
815.222473 522.067658 3971.736176 6
815.484327 506.990305 3977.973750 1
813.460210 498.202462 3979.734691 10
817.809012 501.085722 3984.603677 5
818.975431 526.017727 3985.091661 6
811.879230 515.524549 3985.113041 8
819.935341 512.628857 4011.098424 6
815.777863 507.294276 4011.158575 7
813.119981 479.964055 4013.596690 10
794.781842 505.559720 4031.126910 3
794.879957 491.282320 4059.757343 5
821.356604 499.189818 4060.545692 9
791.880881 491.932429 4062.326903 6
812.072119 502.690093 4081.020505 7
786.450884 489.750980 4102.008766 2
814.308500 481.838508 4111.517407 1
814.642827 508.838232 4114.926198 2
802.121669 500.672974 4125.108354 2
802.387343 519.946724 4128.673178 6
826.482761 498.706188 4136.563669 4
847.578305 501.492917 4153.946438 7
819.580749 517.413712 4160.414291 4
759.436185 479.048923 4161.802951 9
816.853871 500.955004 4172.131885 6
822.223571 484.403312 4173.939029 1
829.709109 497.670743 4175.647675 2
850.614818 521.211494 4180.268431 4
797.306505 482.106376 4185.323978 9
803.054294 485.532035 4188.719049 7
804.948104 488.703062 4213.208286 3
827.389016 493.917670 4215.454401 10
813.480127 494.807724 4220.781150 2
790.532367 500.909143 4221.522678 8
814.354047 493.229146 4225.419781 5
820.270455 508.048832 4233.753965 9
806.602257 476.461539 4245.328068 3
836.724225 486.753158 4247.959473 8
808.565176 512.159718 4248.419172 4
823.831764 494.721073 4262.892483 1
817.127277 496.086727 4264.771773 9
831.522197 492.994556 4279.275325 9
783.903218 521.216672 4279.685180 4
813.361155 502.353817 4283.207074 1
823.684584 495.661279 4286.610132 7
830.309251 502.486116 4335.358341 8
811.658988 482.499970 4335.776383 9
845.929829 488.818742 4340.290661 6
819.985306 498.054967 4345.374469 3
832.807219 519.777874 4345.821062 1
839.148333 483.990787 4349.460385 8
810.963434 498.936786 4352.855979 8
772.301962 485.969889 4373.122016 8
844.008387 502.173194 4374.629414 8
828.065269 486.313841 4389.564616 7
800.448443 513.733479 4411.162664 1
823.642894 472.202056 4416.314369 6
825.419787 518.403419 4438.146966 2
816.245583 500.330742 4448.630212 2
830.149441 507.569621 4450.359145 9
811.515156 479.688410 4451.621246 10
794.885788 488.363167 4452.424839 8
816.680875 495.600501 4467.660613 10
805.551388 512.741495 4469.021195 2
844.089949 511.468245 4487.219226 10
812.056858 494.271114 4502.297467 9
810.318723 504.121899 4503.984822 8
815.276768 499.877760 4505.295641 7
825.515376 494.180011 4531.585049 10
811.095344 523.052165 4545.304539 10
808.070703 498.158551 4552.158211 5
806.810040 506.001492 4563.993073 4
816.357281 500.913036 4573.846227 7
824.926251 533.905042 4592.989084 2
816.511355 502.294900 4595.406705 5
822.429550 498.195045 4600.345001 6
815.498067 502.286469 4605.577369 3
805.023881 500.637062 4608.752969 10
803.943774 510.623919 4622.325073 3
825.543803 524.173870 4635.134025 8
826.102908 513.506525 4642.200224 3
825.261576 519.083882 4652.484161 5
834.661037 513.988546 4665.480712 5
809.316101 519.988799 4671.554476 4
824.313855 496.251828 4684.347293 7
810.707110 517.688609 4684.411045 10
801.018466 505.732325 4687.043584 10
815.405261 501.026830 4691.206378 4
821.023616 503.098089 4700.578239 6
816.364206 500.135131 4713.890818 3
814.752763 514.590440 4720.398157 9
828.876813 506.364681 4721.511216 3
828.617387 494.226853 4729.400737 3
813.110818 496.592138 4743.162548 7
804.347512 503.474511 4748.452683 1
809.178908 482.343367 4751.708895 2
846.395817 510.411900 4753.410742 10
812.323126 503.686213 4754.683487 5
802.922392 484.307505 4758.421683 2
826.961677 497.442169 4758.601852 9
827.199549 498.265317 4761.302702 3
818.052268 501.894996 4771.225188 9
776.268133 496.766181 4771.964331 7
804.701529 494.009357 4780.705763 5
826.213756 506.278339 4791.169540 6
822.026008 486.943158 4792.248958 2
826.060505 494.721601 4820.885665 5
818.527243 506.706184 4821.028262 2
817.277408 492.607372 4843.621997 10
810.541425 452.570424 4845.624053 10
803.209122 522.666987 4893.442107 9
819.977514 503.283258 4895.889541 7
814.265109 509.343990 4900.256277 2
828.053885 531.593163 4907.325143 10
838.999250 495.413257 4908.910747 4
814.587617 502.576744 4917.740724 4
806.555720 527.120119 4918.963737 9
822.914593 511.684989 4958.309754 9
813.132964 505.680988 4961.969312 10
858.600495 490.905329 5002.204501 3
830.702017 481.357947 5002.460573 10
821.521976 472.293277 5005.501317 5
854.381989 496.953147 5029.200873 5
807.645835 462.870311 5041.681639 1
809.659744 496.334644 5043.678231 7
818.410448 498.128495 5058.720528 2
816.314398 500.081293 5063.569779 6
837.068284 500.556547 5064.194915 4
840.854954 497.421589 5071.851008 2
810.905058 533.362779 5075.464903 2
815.991027 501.554748 5088.601603 8
814.701296 491.697445 5103.603641 2
791.255050 482.171940 5120.989329 4
815.761681 499.786464 5121.931795 10
810.592293 486.667807 5134.504784 4
796.745106 493.043594 5148.865874 10
819.332649 488.556765 5152.936227 2
817.618591 488.712091 5161.982088 9
830.611752 489.020513 5166.866649 1
830.226310 515.555911 5174.377072 8
816.952201 502.175866 5205.313229 6
825.842000 500.268949 5205.919880 4
806.465911 503.557239 5213.101930 9
828.629570 505.044679 5227.763778 2
802.857826 515.808599 5229.354600 8
827.649793 492.664337 5236.537863 9
825.599390 510.561525 5242.981758 4
797.732355 474.938968 5254.683861 9
797.800607 476.421379 5278.356639 6
829.676434 505.217581 5281.054999 5
833.480649 465.833858 5286.934443 8
789.665734 492.186350 5296.494213 3
815.374102 507.508071 5301.529557 10
820.692696 482.342204 5325.925631 6
820.113067 492.603793 5331.830431 7
815.508326 499.538769 5340.904273 2
812.946333 494.344995 5355.020739 5
822.256599 480.130065 5389.703441 8
811.672069 498.489666 5396.929059 9
831.718599 496.966543 5399.338152 3
794.749760 492.132521 5402.671938 7
819.910568 487.878029 5403.089798 5
843.646640 506.248184 5414.416136 3
798.628349 498.626601 5424.915927 10
813.368624 517.541351 5425.418412 5
796.832643 513.176132 5429.885917 3
811.355675 486.851836 5440.926122 9
825.267288 497.169239 5443.950121 2
793.950711 517.798865 5463.012470 3
816.102082 500.339832 5484.054243 8
809.451857 497.982380 5486.565604 5
812.281324 498.143662 5491.587987 3
832.120704 482.795060 5496.755431 7
813.729913 500.786429 5498.464058 6
817.292823 488.391346 5509.582100 3
790.909871 502.712218 5527.926521 7
810.971068 503.505224 5528.828517 6
816.317943 504.084113 5540.896056 2
809.551754 497.587247 5557.537713 9
816.443141 509.283745 5591.278681 1
811.487069 493.180206 5592.457665 5
814.664737 458.897065 5594.855919 1
836.231773 493.535361 5596.962923 4
813.427946 524.539761 5607.885870 10
817.256842 499.729932 5611.488281 1
815.280387 500.194073 5637.060621 10
824.303491 509.460859 5637.270221 8
801.643244 521.753636 5645.887950 5
837.186773 518.503681 5648.134341 7
810.499995 510.879828 5666.867319 10
812.080709 487.544299 5671.344896 1
818.191179 503.709963 5678.035674 3
811.269286 471.301169 5681.297376 10
819.337651 500.515596 5703.252289 3
820.025082 506.953660 5703.459649 2
820.654005 510.930537 5723.293982 2
810.226983 486.651046 5741.514780 5
819.595254 502.004374 5750.375269 8
812.382709 499.228222 5754.269721 4
843.737912 497.877655 5768.276908 9
823.389804 504.114493 5769.172478 6
832.486949 510.719449 5779.958890 3
815.909715 475.768874 5780.900283 9
804.847473 511.760691 5783.228551 4
778.446908 528.807839 5783.651477 9
814.383994 515.295968 5792.322468 9
813.559927 499.752759 5802.163448 10
810.864624 524.879993 5805.812892 1
820.847648 493.782806 5806.809478 9
813.129302 496.877781 5816.114493 9
836.741031 476.933035 5845.445746 2
814.886232 496.903522 5857.564447 5
807.356101 483.052854 5861.263354 7
815.085788 485.385054 5863.103785 10
829.913433 481.609492 5878.934954 6
805.575434 503.829990 5916.114383 9
817.996472 480.243128 5919.094277 5
809.067759 488.468866 5921.229503 3
802.267252 498.248198 5925.602988 5
814.109670 466.460963 5936.328166 6
824.910949 467.933509 5937.347124 2
814.386908 511.914416 5946.552773 4
810.507463 516.688014 5946.911513 2
823.912909 482.568507 5956.775882 1
812.691077 493.755283 5963.705687 7
817.168818 501.789885 5964.027757 8
816.082703 501.846808 5973.008154 1
774.154102 512.887055 5991.733726 9
810.025309 488.205674 6003.370886 10
827.673135 495.817042 6020.246731 8
828.059745 504.167946 6053.012722 5
819.203537 499.095061 6056.064951 3
814.897219 496.234252 6056.525672 7
777.555593 522.019130 6065.214814 6
814.729014 514.732954 6068.524536 3
828.646658 480.780115 6103.993885 4
813.022772 507.904860 6104.348522 3
814.244865 498.709076 6108.135764 6
800.109241 489.096660 6113.756317 9
744.283689 536.705909 6136.333516 4
810.305641 503.133030 6137.204115 10
816.727130 505.074302 6164.063379 4
808.044028 489.826688 6174.521394 3
820.951535 493.894980 6182.149382 10
826.832294 494.471028 6189.659732 8
796.863148 475.398782 6189.963235 5
815.776799 500.751662 6202.386079 2
843.869624 474.696018 6225.362982 7
797.747990 484.654241 6227.529183 4
832.280003 506.371591 6236.342855 9
809.074574 496.866447 6254.165951 10
819.312779 501.030327 6255.502265 5
822.718169 496.640886 6258.531859 9
807.412165 501.511461 6266.296957 1
814.595139 498.264355 6271.170279 1
817.896369 488.677983 6271.199354 4
817.202522 502.965501 6289.846657 6
821.338208 491.227641 6295.290609 4
811.833581 492.153874 6302.335348 10
816.419962 498.665558 6303.921646 6
812.988926 487.063268 6308.795532 2
837.481109 522.248395 6317.143522 1
817.127720 523.224338 6366.996858 6
795.689188 477.520818 6370.029641 2
796.603380 499.154285 6370.123831 9
794.976179 512.931478 6374.024839 7
823.935146 485.850984 6387.243617 5
795.742266 495.948318 6409.589019 4
804.450828 498.995048 6438.209051 9
814.142431 502.288691 6441.565143 2
817.952664 508.462980 6478.411625 10
833.939670 498.222372 6493.698639 10
831.766281 498.149941 6500.861752 7
818.970087 486.947054 6504.889288 5
847.767504 502.834001 6509.055193 10
823.551957 503.822001 6515.226694 4
813.202221 499.099197 6533.718271 10
842.776642 520.877699 6547.413334 2
802.994324 528.218130 6569.158879 7
796.978175 537.829403 6601.285204 8
808.676810 507.891675 6606.108149 6
798.591564 498.461660 6612.295898 5
812.586180 518.142494 6615.292001 10
814.560396 495.774341 6620.551067 10
811.405502 497.474179 6649.615429 1
793.744282 471.228362 6666.163780 10
808.211865 467.294132 6666.644922 9
805.019039 490.742150 6668.065548 7
831.252856 495.103453 6670.462371 8
800.945755 522.739979 6682.132713 4
809.399231 502.178970 6687.677229 9
814.390895 500.196267 6695.841470 8
829.917864 490.547758 6700.900782 7
845.456419 529.623352 6706.777285 8
827.515884 480.405259 6707.488098 10
811.760564 508.200641 6716.667706 5
809.906805 496.550799 6719.399431 10
794.376326 513.133097 6736.977696 7
823.355298 499.701707 6745.208601 7
835.628540 481.530895 6749.451828 2
819.601091 514.569814 6763.442463 7
838.653534 523.204385 6773.427833 2
812.343714 504.624026 6799.995005 2
818.075639 501.184496 6823.373686 2
816.132658 500.051300 6849.770270 4
815.762994 493.448930 6850.830466 10
826.889273 504.125251 6853.317168 10
787.504815 509.184939 6872.974962 10
816.062180 516.403389 6876.703722 10
801.928447 493.579772 6886.427382 3
811.383618 525.417106 6930.587534 7
867.963642 501.513867 6934.847335 2
819.808455 518.287379 6943.535366 3
794.515097 522.813964 6969.842741 1
818.642156 501.162699 6974.852262 8
806.204481 500.064512 6984.471665 6
813.849241 498.164763 6996.884262 10
826.557850 490.125439 7004.330692 3
794.319656 497.611801 7007.408781 2
822.906739 474.299268 7012.288689 6
815.700205 499.902573 7015.337018 9
826.305279 504.023103 7024.264751 3
814.381200 531.892534 7030.879612 8
801.442147 484.429315 7038.676743 9
817.357481 499.359522 7065.251642 1
842.358199 487.539558 7065.856463 5
826.306375 507.351612 7087.853923 10
809.363021 504.430207 7104.418748 8
841.751101 491.289617 7107.873569 2
814.762733 498.713576 7112.191962 3
851.438806 509.502193 7121.302971 8
815.373378 459.423783 7129.814576 2
809.715838 521.567561 7130.353804 4
827.636256 495.349033 7135.139092 3
799.255627 490.735425 7155.384667 8
808.072303 491.422558 7158.981084 9
845.341611 502.175476 7169.630716 10
808.575892 494.085352 7171.026258 8
812.304827 525.196179 7195.686304 6
805.558924 505.670106 7199.485222 6
825.359755 488.249479 7201.348519 7
809.576803 497.986923 7213.863213 10
808.289851 522.689910 7215.822351 9
786.886422 480.906916 7227.385984 8
817.106156 501.797106 7241.175596 10
830.188715 522.646033 7254.548928 4
814.351579 515.291032 7256.286953 6
816.269064 493.651900 7258.776307 8
816.454292 500.621783 7269.886997 4
814.968580 485.006555 7311.399839 5
816.084264 467.112961 7331.662048 8
819.278058 510.467651 7337.788496 6
825.393326 514.926442 7345.049692 8
827.456320 493.369302 7366.934562 10
837.900412 469.949371 7370.602500 8
794.480701 517.171338 7379.496094 6
814.640125 504.978805 7380.047317 8
787.075700 512.912335 7384.272482 8
836.832741 527.105113 7395.370948 6
792.423474 533.887821 7421.948922 3
834.080050 497.566416 7422.108621 9
799.883700 487.787671 7426.942062 6
825.318425 486.597927 7441.424906 9
823.360597 494.488694 7454.205765 1
824.878381 485.433993 7459.910610 1
825.829465 499.882979 7465.832042 10
774.667586 498.335930 7499.502200 9
793.714012 506.111771 7506.116193 2
828.935867 489.407688 7513.862592 8
800.896152 506.625110 7516.897348 5
833.474593 518.879928 7530.980115 4
785.660199 494.976109 7552.243467 6
813.075101 492.914873 7562.287483 7
820.733275 490.212477 7563.805123 5
811.987095 494.992441 7568.432680 7
816.072454 499.953980 7576.506390 7
817.455893 496.171617 7586.620379 1
817.423454 494.720203 7603.205385 1
815.223343 500.229260 7603.689139 9
800.866607 484.085831 7616.460219 1
864.952094 496.933741 7642.519867 4
817.970101 491.080660 7655.526907 9
821.720332 502.571265 7656.973929 1
817.775759 497.126494 7671.303232 4
817.250995 482.162844 7680.184520 3
837.127512 480.572065 7695.409762 9
818.411184 506.318104 7720.486729 2
786.381660 499.636984 7730.065419 7
808.775898 516.498384 7733.549835 5
812.795347 492.628591 7738.233733 7
830.517144 502.589931 7746.600693 5
811.148029 503.494659 7751.005115 1
816.137548 500.775354 7768.519177 9
818.612304 500.484945 7769.414755 3
860.275585 500.966682 7780.730693 7
821.756719 486.966914 7781.521143 5
819.980482 495.046861 7785.299087 9
826.938687 507.300789 7793.445210 8
830.805337 488.290550 7801.510948 6
815.729178 493.188659 7813.609473 9
830.269941 492.278309 7820.328327 10
817.698215 501.492636 7834.373071 8
857.865670 507.570486 7835.000494 6
809.406041 515.220839 7845.179335 4
814.545542 503.692893 7846.098466 2
791.685812 492.033586 7895.301937 2
814.245836 495.006958 7898.844231 2
820.867643 495.220228 7909.659707 4
836.091321 478.482327 7920.802040 7
819.372517 504.190695 7922.848862 9
811.038751 473.319718 7927.447163 5
776.694262 503.999043 7931.145724 3
799.367417 504.840302 7934.738267 2
817.019420 503.442915 7941.297153 6
839.271410 519.342984 7949.458927 6
815.780027 484.252732 7954.267148 1
816.517888 499.810632 8011.292795 2
803.098586 486.176697 8021.104038 7
815.822629 511.402114 8063.900772 10
821.996997 503.773127 8069.693322 7
798.333476 493.517261 8083.989611 3
805.092206 497.164932 8084.509321 3
829.881271 492.500297 8085.412970 10
807.933054 499.851208 8100.395512 1
794.661186 483.869338 8102.295088 7
818.007247 482.477529 8113.778059 1
807.095667 489.917665 8127.737015 7
778.212758 456.154996 8136.534555 9
830.079719 523.773820 8140.663571 6
818.490174 506.306757 8160.105675 2
822.432621 486.834336 8168.998597 10
805.948021 502.780572 8190.667282 3
801.951557 507.699724 8202.752397 2
834.231797 485.216090 8207.307152 4
814.929433 499.021479 8217.935379 2
791.120727 498.190086 8219.816553 2
809.277896 513.405481 8239.986000 7
800.947953 499.019554 8240.119605 3
832.391224 507.067344 8252.812147 2
814.932073 500.227448 8257.928621 3
813.849260 485.307929 8278.808779 9
810.596047 486.173006 8285.848912 7
814.621999 508.300629 8289.531658 3
814.853926 498.637330 8312.633447 3
814.210414 501.083972 8319.924175 5
825.686556 499.288230 8320.566272 4
825.172221 505.184862 8323.009051 2
815.431621 498.777115 8338.433483 1
804.448719 517.848990 8340.238293 10
803.985119 494.481578 8344.537979 8
832.794532 507.418107 8346.339483 6
814.566026 497.229992 8374.116098 7
833.440648 530.965942 8375.421721 1
797.387845 499.471009 8409.564047 4
812.596826 500.014938 8427.585149 4
838.180988 490.424431 8439.621590 5
786.002396 475.760758 8443.676514 7
815.387890 504.140286 8447.455441 4
792.820788 511.315780 8450.349069 1
819.945524 513.617829 8452.135015 5
825.450755 479.567768 8477.010405 1
818.752592 502.592252 8481.948975 4
815.377099 495.858007 8497.412359 1
816.164896 500.191017 8504.762895 6
811.900012 516.634245 8505.898469 4
803.306542 514.320431 8523.396680 7
808.463707 474.241567 8542.126344 1
814.299579 495.688589 8544.296398 1
814.218203 494.629824 8571.602440 10
832.235670 481.862847 8584.402055 9
832.025432 502.643940 8598.510114 10
827.472380 491.695336 8599.797635 8
797.391043 510.465545 8632.898624 7
812.791004 494.139605 8644.710067 5
820.375084 505.357016 8645.771178 2
815.040173 471.339566 8667.108301 6
823.028463 502.218930 8675.525920 3
820.336255 500.167308 8694.079930 5
835.708783 461.330445 8706.068901 7
803.323927 484.847692 8707.267501 4
828.004012 490.984272 8726.763042 9
818.993052 499.210909 8731.011363 4
808.275249 477.171551 8735.416607 4
783.995557 503.413023 8793.434034 3
862.512147 527.477834 8831.295876 5
835.882047 497.359784 8863.523916 1
811.362929 494.372543 8863.985798 6
803.367362 499.722086 8865.251956 10
820.876526 514.453184 8872.262295 2
787.622698 525.437718 8879.584206 3
844.866447 494.258942 8883.291721 1
798.865324 468.713760 8899.608820 7
832.703565 524.243459 8908.966698 7
822.504665 476.477513 8912.689063 3
810.328542 481.308590 8921.653672 3
805.997873 497.838220 8929.937268 5
807.442537 504.862578 8930.834003 4
833.168075 494.316461 8939.456347 7
820.763595 502.931350 8942.302595 4
782.307210 506.064427 8947.773116 9
812.975804 474.360130 8961.496737 6
817.143069 497.026063 8969.888697 6
815.669237 490.929843 8972.145661 1
802.841442 453.966583 8979.384286 2
800.546234 501.857915 8981.071219 3
837.661147 531.471576 8987.587703 4
799.247195 510.123016 8997.253079 10
832.443103 511.399853 8998.874095 10
807.358441 480.965309 8999.933872 9
805.385754 503.838044 9005.389758 8
798.659374 463.304510 9015.575541 8
801.847691 471.401381 9022.677964 2
798.706315 510.133374 9028.814432 7
826.490897 522.078668 9054.785971 9
817.099209 495.602775 9061.475694 6
811.368888 479.266467 9069.176705 10
838.514683 504.717940 9075.517361 9
815.603796 494.571783 9081.918296 8
836.518416 490.322131 9083.960882 8
797.385788 489.197271 9097.259894 1
774.506497 506.218948 9108.451087 9
838.957504 521.930184 9110.732056 1
813.544865 509.794290 9124.033311 7
810.909041 500.419913 9142.158984 1
816.630502 503.919525 9147.153691 2
811.063734 497.562471 9147.833313 5
807.031432 497.792341 9162.998908 5
813.489452 498.370616 9174.518828 2
795.996373 482.771185 9176.909036 5
816.612300 501.931566 9184.299913 7
814.902814 499.241516 9197.623498 2
823.071457 503.844673 9215.238646 3
837.818340 516.493357 9220.338716 7
811.836668 476.511022 9224.003722 10
813.754582 508.328199 9255.555603 4
816.248813 497.384339 9256.537642 10
833.030110 489.231245 9271.420741 5
851.856198 518.729765 9284.994812 6
817.134411 500.408015 9288.016475 4
808.195950 489.303690 9299.007024 8
830.098260 466.806915 9303.025940 5
815.013146 499.150471 9306.430168 3
816.123091 500.363749 9344.696901 10
814.427898 495.524992 9371.171977 6
791.752385 486.890487 9377.102455 8
832.431405 496.397184 9381.772277 6
811.728731 487.742124 9397.535283 2
811.077572 482.673489 9419.578418 6
810.653153 481.184792 9434.997752 4
816.641666 498.790782 9439.779555 10
785.679995 450.069208 9441.240136 1
817.380953 500.052598 9455.859467 8
797.066033 502.749202 9465.361861 10
796.145307 512.826885 9469.220736 7
805.371820 507.784833 9471.332313 2
820.381634 500.967436 9495.159725 10
829.390389 478.765896 9505.514052 8
816.662753 515.718084 9509.104190 3
808.016781 488.941648 9510.768917 3
817.953422 500.637126 9526.043169 7
821.414507 499.105675 9528.510534 5
817.569344 557.083445 9540.974735 4
810.563014 497.291491 9576.755765 1
815.389764 518.109000 9578.157751 4
803.563301 482.570942 9589.927781 7
783.557323 472.375659 9600.390519 5
833.922526 508.421118 9606.857857 10
816.376471 500.499913 9630.823169 5
821.467766 502.441714 9631.619922 4
821.557105 499.960589 9632.626456 6
808.482639 498.427788 9639.757168 4
838.110517 491.051140 9645.116678 2
813.640804 509.481094 9658.677568 5
816.049983 495.158594 9658.896514 3
865.616697 481.903444 9675.712865 5
816.460947 491.389980 9688.875120 4
814.230273 501.290077 9708.002284 2
834.486924 501.391985 9708.336985 3
813.603936 493.674415 9720.996993 6
798.860511 476.015296 9738.738782 9
830.874188 505.870394 9741.619232 2
836.908518 492.271977 9743.366499 5
799.147565 496.397644 9755.318667 7
833.861268 527.667451 9770.231305 8
838.930627 529.493829 9790.379645 10
806.926670 509.419818 9805.262986 7
828.160327 513.556096 9832.582340 7
800.613271 517.130601 9861.020163 10
815.771111 500.756449 9869.771839 1
816.385286 500.005630 9895.199057 4
805.319551 506.283072 9899.759723 2
824.382500 504.332313 9901.670821 10
809.387318 509.631025 9912.084509 8
809.007425 496.139751 9920.698498 8
829.918078 474.211611 9924.456935 1
816.210530 500.261739 9928.959356 4
817.171399 499.329695 9948.338397 5
815.107431 501.408323 9975.250271 10
819.808194 494.298500 9991.049459 9
