2 1000
400.000000 300.000000
100.000000 300.000000
402.632374 401.817774 0.000000 1
397.028534 193.277918 500.000000 1
400.007991 415.891463 1000.000000 1
396.921969 209.838543 1500.000000 1
396.485805 399.824321 2000.000000 1
400.106344 206.378468 2500.000000 1
404.781006 399.435328 3000.000000 1
399.892961 186.591502 3500.000000 1
400.045605 399.393542 4000.000000 1
399.313115 199.056339 4500.000000 1
398.305187 399.303798 5000.000000 1
400.896144 203.973100 5500.000000 1
396.585194 413.390086 6000.000000 1
400.702806 195.183872 6500.000000 1
400.222973 393.740757 7000.000000 1
431.061100 204.407652 7500.000000 1
402.219430 403.109028 8000.000000 1
401.940468 185.634874 8500.000000 1
398.356449 400.230619 9000.000000 1
396.418378 195.984547 9500.000000 1
413.008236 420.376535 10000.000000 1
402.331087 200.552966 10500.000000 1
410.311454 397.117557 11000.000000 1
389.543751 198.066130 11500.000000 1
399.985142 399.993977 12000.000000 1
405.367350 204.264518 12500.000000 1
401.505390 400.014236 13000.000000 1
408.057902 184.484752 13500.000000 1
411.178570 399.595774 14000.000000 1
408.962533 203.417175 14500.000000 1
393.361370 399.146328 15000.000000 1
403.487781 204.115611 15500.000000 1
398.545432 403.549577 16000.000000 1
396.334670 202.892419 16500.000000 1
398.734862 418.525290 17000.000000 1
400.789094 200.520036 17500.000000 1
398.328134 401.101288 18000.000000 1
402.468685 198.135314 18500.000000 1
392.748156 391.153907 19000.000000 1
400.658132 183.508734 19500.000000 1
414.625160 412.112692 20000.000000 1
417.495729 204.361037 20500.000000 1
391.211312 405.895820 21000.000000 1
393.029988 185.723272 21500.000000 1
383.858508 393.468077 22000.000000 1
400.379613 191.992639 22500.000000 1
399.895125 399.927386 23000.000000 1
399.466392 198.352988 23500.000000 1
404.192409 414.108413 24000.000000 1
401.626728 205.263278 24500.000000 1
392.637827 417.953309 25000.000000 1
405.197027 194.176292 25500.000000 1
387.970029 390.169449 26000.000000 1
414.823163 199.023702 26500.000000 1
392.458099 387.818451 27000.000000 1
396.138908 211.962206 27500.000000 1
418.026447 404.359228 28000.000000 1
394.557010 202.160582 28500.000000 1
398.403803 408.894585 29000.000000 1
402.429548 210.207547 29500.000000 1
403.826199 398.662710 30000.000000 1
397.635715 206.727852 30500.000000 1
400.393544 399.601303 31000.000000 1
389.988320 192.816170 31500.000000 1
398.090971 397.697483 32000.000000 1
406.250655 195.324279 32500.000000 1
400.278845 394.610872 33000.000000 1
406.839757 197.569624 33500.000000 1
383.364240 381.748428 34000.000000 1
392.170921 189.098034 34500.000000 1
389.027208 397.274309 35000.000000 1
412.742439 202.373699 35500.000000 1
378.423316 403.038940 36000.000000 1
398.092362 196.206568 36500.000000 1
399.149854 400.407020 37000.000000 1
380.962506 208.853722 37500.000000 1
408.615785 377.495666 38000.000000 1
394.643280 200.511698 38500.000000 1
402.261605 396.817716 39000.000000 1
399.907111 200.100646 39500.000000 1
401.140722 400.592328 40000.000000 1
393.049233 194.196088 40500.000000 1
407.286710 397.588469 41000.000000 1
397.372711 200.325933 41500.000000 1
395.377283 371.197676 42000.000000 1
394.255324 199.431609 42500.000000 1
404.786828 395.547693 43000.000000 1
409.446347 200.549611 43500.000000 1
409.314918 409.302412 44000.000000 1
383.804028 186.677915 44500.000000 1
401.051220 397.216937 45000.000000 1
399.554447 200.336172 45500.000000 1
399.127908 396.943113 46000.000000 1
383.094216 215.172878 46500.000000 1
400.243698 403.903580 47000.000000 1
401.068082 196.872530 47500.000000 1
393.742864 389.328416 48000.000000 1
403.510750 197.967631 48500.000000 1
401.668627 399.147812 49000.000000 1
431.881155 208.525630 49500.000000 1
396.008204 402.920382 50000.000000 1
410.285835 170.616529 50500.000000 1
402.205927 395.709250 51000.000000 1
399.988738 210.801342 51500.000000 1
403.374221 396.374334 52000.000000 1
402.127343 198.963616 52500.000000 1
413.930536 403.319239 53000.000000 1
386.535665 198.030982 53500.000000 1
409.196286 416.695409 54000.000000 1
414.101062 202.329508 54500.000000 1
407.568212 400.168325 55000.000000 1
391.256955 192.853525 55500.000000 1
408.108103 390.694268 56000.000000 1
397.900844 196.326416 56500.000000 1
395.104468 395.123533 57000.000000 1
391.017319 208.817584 57500.000000 1
403.228884 400.495923 58000.000000 1
393.813572 202.736850 58500.000000 1
399.401650 399.263693 59000.000000 1
400.644183 194.537371 59500.000000 1
377.047948 411.136690 60000.000000 1
394.986183 203.169323 60500.000000 1
416.155135 378.659806 61000.000000 1
408.996927 191.828248 61500.000000 1
401.177762 404.251968 62000.000000 1
392.421527 205.347624 62500.000000 1
400.074085 396.106772 63000.000000 1
399.894196 190.296812 63500.000000 1
399.704400 400.167942 64000.000000 1
395.776533 225.388337 64500.000000 1
409.886351 400.192622 65000.000000 1
406.226902 201.620215 65500.000000 1
405.597645 401.001606 66000.000000 1
403.709787 202.145205 66500.000000 1
385.995278 389.926524 67000.000000 1
396.376299 199.943062 67500.000000 1
403.345889 396.084813 68000.000000 1
414.830801 186.306894 68500.000000 1
400.034960 400.652131 69000.000000 1
402.854736 204.041491 69500.000000 1
415.236594 396.841257 70000.000000 1
395.938035 198.984651 70500.000000 1
399.976710 398.898179 71000.000000 1
395.055828 183.346286 71500.000000 1
395.276553 408.715635 72000.000000 1
404.287145 214.628645 72500.000000 1
404.519725 401.621626 73000.000000 1
384.268265 197.930742 73500.000000 1
399.146156 404.717132 74000.000000 1
401.894579 197.753721 74500.000000 1
400.450349 399.604439 75000.000000 1
405.992440 187.241994 75500.000000 1
405.576424 400.205331 76000.000000 1
398.594183 207.298295 76500.000000 1
399.458718 385.684033 77000.000000 1
395.499929 200.523839 77500.000000 1
386.510120 400.674147 78000.000000 1
397.249200 196.606950 78500.000000 1
411.538618 387.470321 79000.000000 1
400.020865 199.756375 79500.000000 1
419.935490 421.814362 80000.000000 1
400.805338 203.775746 80500.000000 1
405.583466 416.980154 81000.000000 1
397.967323 197.970308 81500.000000 1
393.732377 402.775072 82000.000000 1
407.518186 208.141937 82500.000000 1
395.417758 396.469499 83000.000000 1
408.383658 207.475524 83500.000000 1
400.787775 399.953321 84000.000000 1
398.410751 205.239661 84500.000000 1
400.006229 400.124662 85000.000000 1
399.074483 204.622538 85500.000000 1
424.633727 401.011244 86000.000000 1
414.171839 191.892559 86500.000000 1
405.297246 395.608263 87000.000000 1
396.832563 214.263828 87500.000000 1
390.362115 410.291752 88000.000000 1
411.159341 188.245609 88500.000000 1
406.287017 381.766705 89000.000000 1
404.010201 189.745906 89500.000000 1
422.755136 403.499786 90000.000000 1
388.622032 196.196616 90500.000000 1
396.120898 397.596387 91000.000000 1
367.500957 192.297833 91500.000000 1
387.709264 406.946234 92000.000000 1
400.005128 199.763830 92500.000000 1
412.845177 394.867573 93000.000000 1
402.130701 203.937380 93500.000000 1
394.975690 401.448938 94000.000000 1
411.358969 192.635450 94500.000000 1
424.259516 385.128402 95000.000000 1
404.665868 199.770037 95500.000000 1
398.585206 403.309273 96000.000000 1
395.360677 191.271809 96500.000000 1
403.247768 398.425206 97000.000000 1
397.849713 206.142459 97500.000000 1
396.007555 400.869011 98000.000000 1
399.999515 200.174359 98500.000000 1
418.946390 396.135958 99000.000000 1
398.201031 200.452822 99500.000000 1
402.060506 403.395133 100000.000000 1
383.539349 199.686236 100500.000000 1
393.062190 398.770687 101000.000000 1
401.734521 197.630382 101500.000000 1
402.175060 412.342028 102000.000000 1
400.085303 197.690098 102500.000000 1
390.383172 395.457135 103000.000000 1
402.537971 199.740718 103500.000000 1
386.977993 406.386346 104000.000000 1
416.578239 207.915898 104500.000000 1
413.170705 415.560574 105000.000000 1
391.930519 180.690587 105500.000000 1
401.872234 393.686425 106000.000000 1
394.114630 213.207022 106500.000000 1
398.962553 405.607793 107000.000000 1
400.645032 194.056909 107500.000000 1
395.386232 395.953059 108000.000000 1
395.030920 196.338852 108500.000000 1
398.420767 398.480434 109000.000000 1
407.871961 203.515240 109500.000000 1
373.070400 406.798246 110000.000000 1
383.079561 167.496968 110500.000000 1
402.703901 391.202538 111000.000000 1
400.803077 199.144758 111500.000000 1
392.522456 404.666408 112000.000000 1
393.556845 202.270072 112500.000000 1
382.621264 410.824024 113000.000000 1
400.169077 202.640568 113500.000000 1
392.903986 400.845632 114000.000000 1
403.857644 212.076409 114500.000000 1
406.150187 398.928500 115000.000000 1
391.942107 208.402303 115500.000000 1
404.505979 395.164970 116000.000000 1
400.353607 201.998159 116500.000000 1
394.739840 402.190522 117000.000000 1
395.660191 194.614027 117500.000000 1
427.193650 411.489843 118000.000000 1
399.769990 187.647001 118500.000000 1
386.875480 401.285465 119000.000000 1
408.018115 198.534041 119500.000000 1
394.224743 408.721449 120000.000000 1
409.172786 205.801140 120500.000000 1
408.526090 392.629691 121000.000000 1
405.953494 194.431794 121500.000000 1
403.796901 423.614065 122000.000000 1
405.305786 202.563235 122500.000000 1
416.482198 403.836126 123000.000000 1
402.334370 200.616158 123500.000000 1
402.431198 401.120168 124000.000000 1
398.452419 197.747621 124500.000000 1
410.122366 413.465670 125000.000000 1
389.273539 201.452874 125500.000000 1
387.765746 390.664824 126000.000000 1
401.776000 199.721714 126500.000000 1
364.860824 413.627185 127000.000000 1
400.028125 199.135733 127500.000000 1
399.479673 400.122384 128000.000000 1
381.915869 197.255193 128500.000000 1
397.237870 389.096675 129000.000000 1
388.885700 213.803931 129500.000000 1
404.405961 407.684572 130000.000000 1
412.783765 208.421202 130500.000000 1
387.232160 382.752072 131000.000000 1
395.494245 205.388393 131500.000000 1
402.132929 400.057068 132000.000000 1
396.545026 203.050953 132500.000000 1
418.722254 421.201692 133000.000000 1
412.618007 198.267992 133500.000000 1
392.320944 402.631691 134000.000000 1
403.373637 197.047071 134500.000000 1
398.633767 407.160940 135000.000000 1
400.859773 197.505975 135500.000000 1
404.962938 414.042004 136000.000000 1
394.291996 191.193973 136500.000000 1
381.732631 405.864843 137000.000000 1
400.603385 213.274689 137500.000000 1
394.325152 400.949055 138000.000000 1
388.169385 210.037173 138500.000000 1
405.030710 387.123928 139000.000000 1
409.082442 189.663625 139500.000000 1
403.128256 397.863149 140000.000000 1
402.618293 198.527207 140500.000000 1
400.200251 399.839406 141000.000000 1
402.394948 191.368811 141500.000000 1
392.380587 402.480841 142000.000000 1
380.380866 202.792606 142500.000000 1
392.910997 400.532830 143000.000000 1
400.606629 199.905810 143500.000000 1
388.504746 409.474117 144000.000000 1
404.906227 197.295522 144500.000000 1
413.609181 414.354741 145000.000000 1
407.413761 198.927780 145500.000000 1
398.185254 401.920861 146000.000000 1
395.172224 199.374263 146500.000000 1
394.765458 398.363097 147000.000000 1
405.628432 188.016369 147500.000000 1
406.166414 403.679517 148000.000000 1
394.920134 199.401997 148500.000000 1
400.607710 400.416327 149000.000000 1
393.918508 201.155681 149500.000000 1
396.151706 399.180212 150000.000000 1
399.043985 200.114103 150500.000000 1
417.671126 405.545899 151000.000000 1
399.975959 200.013216 151500.000000 1
389.406842 398.548876 152000.000000 1
406.007408 200.007270 152500.000000 1
397.659303 404.413956 153000.000000 1
410.563943 191.895761 153500.000000 1
400.426395 398.658549 154000.000000 1
395.179643 211.058019 154500.000000 1
404.366395 400.615392 155000.000000 1
387.383160 198.771314 155500.000000 1
385.591602 398.262518 156000.000000 1
403.535765 197.067267 156500.000000 1
391.863198 403.513144 157000.000000 1
399.611762 199.940194 157500.000000 1
398.278002 397.647478 158000.000000 1
382.121311 201.607274 158500.000000 1
418.005058 411.645070 159000.000000 1
402.227318 200.712636 159500.000000 1
399.113083 399.982064 160000.000000 1
396.859033 191.800947 160500.000000 1
404.030570 392.678575 161000.000000 1
402.541812 200.032813 161500.000000 1
411.123142 392.178773 162000.000000 1
400.034083 200.829282 162500.000000 1
401.852702 401.335421 163000.000000 1
398.036870 197.601749 163500.000000 1
399.934919 399.726232 164000.000000 1
399.439909 200.854394 164500.000000 1
397.593987 398.356179 165000.000000 1
394.287869 202.265938 165500.000000 1
405.030892 392.818818 166000.000000 1
403.724024 216.109586 166500.000000 1
402.605002 427.518325 167000.000000 1
409.282850 192.851066 167500.000000 1
401.233525 400.535901 168000.000000 1
384.388421 217.525815 168500.000000 1
411.143230 405.460850 169000.000000 1
402.884307 195.894910 169500.000000 1
400.487223 400.572340 170000.000000 1
404.753297 195.392995 170500.000000 1
393.663723 410.213389 171000.000000 1
396.783889 204.356411 171500.000000 1
400.080043 403.576233 172000.000000 1
390.973396 196.650163 172500.000000 1
399.928878 400.268402 173000.000000 1
415.616593 205.585818 173500.000000 1
411.947235 401.175354 174000.000000 1
418.622915 190.161266 174500.000000 1
396.487722 395.519278 175000.000000 1
391.658350 202.849776 175500.000000 1
393.865341 393.707589 176000.000000 1
398.934549 206.593262 176500.000000 1
414.017741 399.277135 177000.000000 1
404.648099 196.882941 177500.000000 1
401.118976 395.529037 178000.000000 1
389.244188 190.356788 178500.000000 1
385.064516 398.048796 179000.000000 1
393.347073 191.901523 179500.000000 1
409.053804 407.498950 180000.000000 1
411.426369 200.292115 180500.000000 1
392.351648 388.929036 181000.000000 1
392.794802 198.686259 181500.000000 1
397.999971 393.519618 182000.000000 1
400.209723 197.752596 182500.000000 1
396.984976 401.054735 183000.000000 1
398.794572 193.874104 183500.000000 1
398.021471 400.601777 184000.000000 1
393.601969 202.594534 184500.000000 1
406.544584 399.779065 185000.000000 1
400.140819 199.818977 185500.000000 1
400.253346 397.078184 186000.000000 1
398.340885 192.025848 186500.000000 1
404.329467 397.351167 187000.000000 1
415.272229 202.292889 187500.000000 1
399.660579 395.624155 188000.000000 1
403.056058 189.691551 188500.000000 1
410.696490 416.687782 189000.000000 1
379.214556 189.134147 189500.000000 1
411.592539 409.860645 190000.000000 1
410.173454 193.436320 190500.000000 1
403.106246 397.263510 191000.000000 1
396.051847 206.196769 191500.000000 1
397.640330 402.157415 192000.000000 1
405.041006 195.825253 192500.000000 1
397.052078 416.511098 193000.000000 1
401.839574 198.957636 193500.000000 1
407.957952 404.592021 194000.000000 1
406.729253 212.238823 194500.000000 1
372.226701 411.734086 195000.000000 1
399.765709 201.817056 195500.000000 1
399.787243 400.837241 196000.000000 1
394.880742 203.776413 196500.000000 1
389.302724 413.288640 197000.000000 1
404.753060 188.127820 197500.000000 1
412.569535 392.431413 198000.000000 1
382.747876 200.059299 198500.000000 1
402.435494 399.684498 199000.000000 1
400.965435 181.526501 199500.000000 1
393.927312 422.898323 200000.000000 1
416.678657 186.566885 200500.000000 1
402.175827 400.514971 201000.000000 1
396.839107 202.079598 201500.000000 1
400.240768 399.791172 202000.000000 1
406.477554 202.671438 202500.000000 1
396.726926 416.434968 203000.000000 1
402.481569 203.841161 203500.000000 1
398.381786 388.183148 204000.000000 1
371.282041 214.179103 204500.000000 1
406.408283 412.150098 205000.000000 1
404.681108 210.752068 205500.000000 1
414.216275 397.052993 206000.000000 1
414.253824 210.211016 206500.000000 1
401.828670 398.860390 207000.000000 1
396.656286 207.143618 207500.000000 1
392.315427 391.065552 208000.000000 1
394.477080 197.509315 208500.000000 1
397.260195 407.831689 209000.000000 1
406.364260 219.821077 209500.000000 1
394.002284 395.404509 210000.000000 1
397.178337 194.711811 210500.000000 1
402.909329 391.977404 211000.000000 1
405.176681 203.312001 211500.000000 1
407.390569 407.198922 212000.000000 1
388.291270 177.612791 212500.000000 1
398.767335 401.006043 213000.000000 1
395.159857 198.000540 213500.000000 1
386.431201 412.544561 214000.000000 1
406.886267 209.410465 214500.000000 1
389.310782 398.502725 215000.000000 1
389.145410 211.000590 215500.000000 1
403.068333 397.772818 216000.000000 1
400.221716 207.168971 216500.000000 1
401.110778 407.501162 217000.000000 1
388.249316 182.622923 217500.000000 1
394.941452 392.898233 218000.000000 1
409.472332 230.542299 218500.000000 1
402.687655 402.021444 219000.000000 1
399.865109 198.210127 219500.000000 1
396.377837 380.510414 220000.000000 1
400.243058 195.874853 220500.000000 1
421.019006 398.862995 221000.000000 1
402.979717 196.774016 221500.000000 1
403.702946 403.811795 222000.000000 1
399.421785 202.718184 222500.000000 1
390.684666 401.091803 223000.000000 1
397.874587 196.312383 223500.000000 1
400.171758 400.057921 224000.000000 1
412.189845 200.731434 224500.000000 1
396.014297 396.666536 225000.000000 1
395.101297 205.928887 225500.000000 1
390.054883 413.289113 226000.000000 1
408.430800 213.727297 226500.000000 1
397.897007 396.496606 227000.000000 1
400.426273 199.680317 227500.000000 1
390.223165 386.053264 228000.000000 1
403.712675 196.946099 228500.000000 1
385.578148 420.569129 229000.000000 1
399.629631 194.183867 229500.000000 1
408.548207 387.864476 230000.000000 1
399.943603 199.938228 230500.000000 1
394.666219 406.549690 231000.000000 1
390.366275 198.986224 231500.000000 1
401.076245 399.159384 232000.000000 1
425.517390 201.223844 232500.000000 1
393.288033 394.825460 233000.000000 1
416.991445 193.314774 233500.000000 1
404.982783 396.021934 234000.000000 1
393.582503 175.800026 234500.000000 1
400.729327 403.289144 235000.000000 1
399.950142 198.902037 235500.000000 1
410.193385 399.386533 236000.000000 1
396.532480 202.883958 236500.000000 1
399.542860 399.209573 237000.000000 1
393.874767 197.341906 237500.000000 1
400.209625 400.401465 238000.000000 1
383.129697 179.877796 238500.000000 1
398.713129 398.579536 239000.000000 1
397.544953 197.666755 239500.000000 1
409.471102 399.527099 240000.000000 1
388.864019 193.380934 240500.000000 1
383.977749 383.355523 241000.000000 1
420.440825 207.185945 241500.000000 1
399.997912 397.194775 242000.000000 1
400.475476 194.793658 242500.000000 1
383.179264 414.414356 243000.000000 1
421.621278 217.326101 243500.000000 1
413.702468 402.866400 244000.000000 1
387.080609 192.736650 244500.000000 1
400.431630 400.580084 245000.000000 1
396.881358 174.174948 245500.000000 1
400.187506 400.849481 246000.000000 1
403.070892 202.051541 246500.000000 1
388.951725 400.997094 247000.000000 1
419.088997 196.105098 247500.000000 1
405.757142 386.330428 248000.000000 1
387.932185 196.442751 248500.000000 1
402.358860 404.746732 249000.000000 1
402.028244 204.079771 249500.000000 1
391.985996 397.533156 250000.000000 1
400.398580 186.553043 250500.000000 1
402.299684 397.509165 251000.000000 1
400.950598 197.463333 251500.000000 1
396.848248 408.476097 252000.000000 1
389.685655 207.684451 252500.000000 1
383.177573 382.402743 253000.000000 1
399.012652 201.886829 253500.000000 1
401.745005 399.952162 254000.000000 1
400.768090 196.462006 254500.000000 1
402.513641 403.810527 255000.000000 1
408.196350 203.935781 255500.000000 1
400.449430 404.851344 256000.000000 1
402.717472 200.330329 256500.000000 1
395.465687 402.676679 257000.000000 1
409.549772 192.901637 257500.000000 1
399.891310 399.777459 258000.000000 1
391.215102 196.550036 258500.000000 1
411.183016 397.202125 259000.000000 1
393.624683 202.028313 259500.000000 1
391.208665 391.436240 260000.000000 1
382.805998 191.523232 260500.000000 1
412.212622 402.730015 261000.000000 1
389.781398 215.594980 261500.000000 1
402.444588 401.569588 262000.000000 1
400.024029 198.594722 262500.000000 1
412.415218 389.470708 263000.000000 1
405.686100 212.077135 263500.000000 1
377.179488 398.205953 264000.000000 1
381.112829 184.373479 264500.000000 1
410.054477 395.534971 265000.000000 1
398.020659 204.066317 265500.000000 1
401.416557 401.791978 266000.000000 1
392.092624 209.415581 266500.000000 1
383.923024 387.043298 267000.000000 1
429.618480 192.135559 267500.000000 1
413.001652 429.010330 268000.000000 1
405.733613 188.997950 268500.000000 1
411.814852 403.650696 269000.000000 1
406.183468 205.792159 269500.000000 1
388.728698 405.923057 270000.000000 1
392.308759 214.361225 270500.000000 1
399.034628 402.512623 271000.000000 1
404.199769 202.798654 271500.000000 1
401.598509 404.341692 272000.000000 1
403.620354 196.953764 272500.000000 1
380.306206 403.959722 273000.000000 1
398.417011 201.124970 273500.000000 1
396.477725 401.456283 274000.000000 1
404.923443 212.522801 274500.000000 1
379.940769 376.877544 275000.000000 1
399.108448 200.063204 275500.000000 1
387.890701 392.628355 276000.000000 1
394.413151 210.432336 276500.000000 1
399.114435 398.573139 277000.000000 1
399.443182 199.413083 277500.000000 1
394.188866 420.075322 278000.000000 1
395.989422 202.773630 278500.000000 1
398.349549 401.574796 279000.000000 1
399.825799 202.010064 279500.000000 1
402.732077 397.676430 280000.000000 1
394.318422 202.243260 280500.000000 1
388.028853 400.472709 281000.000000 1
401.831614 183.547904 281500.000000 1
407.282960 409.981589 282000.000000 1
395.386269 203.235503 282500.000000 1
405.384686 417.644350 283000.000000 1
377.503648 186.739920 283500.000000 1
400.101047 402.929379 284000.000000 1
404.292204 185.967476 284500.000000 1
379.887495 404.422871 285000.000000 1
411.337110 198.743583 285500.000000 1
399.646161 403.176888 286000.000000 1
388.214466 211.408584 286500.000000 1
398.037929 396.291375 287000.000000 1
406.270261 178.685016 287500.000000 1
401.251101 386.712168 288000.000000 1
385.496835 204.925783 288500.000000 1
396.716161 406.991504 289000.000000 1
405.247219 198.938738 289500.000000 1
385.854514 390.898046 290000.000000 1
403.651976 203.846583 290500.000000 1
403.917957 398.969036 291000.000000 1
400.202126 199.934479 291500.000000 1
390.849797 394.877628 292000.000000 1
422.329891 220.116911 292500.000000 1
404.858861 402.232906 293000.000000 1
404.369596 191.305333 293500.000000 1
407.851474 411.866944 294000.000000 1
403.648533 202.263603 294500.000000 1
401.492334 397.266146 295000.000000 1
399.606092 198.638953 295500.000000 1
388.353330 404.155585 296000.000000 1
400.029270 200.030682 296500.000000 1
405.955749 404.790864 297000.000000 1
401.462844 216.645342 297500.000000 1
399.776968 400.326374 298000.000000 1
394.903712 207.141359 298500.000000 1
401.379909 394.292705 299000.000000 1
403.817043 201.980807 299500.000000 1
402.700074 388.680844 300000.000000 1
399.882696 201.495943 300500.000000 1
399.974218 397.465515 301000.000000 1
399.782423 199.796533 301500.000000 1
407.520888 400.580861 302000.000000 1
415.586806 201.253668 302500.000000 1
399.997062 400.005490 303000.000000 1
419.763046 203.723307 303500.000000 1
418.480392 420.561796 304000.000000 1
399.710051 199.526273 304500.000000 1
396.009794 398.762592 305000.000000 1
411.169211 176.799450 305500.000000 1
394.643520 405.189336 306000.000000 1
393.045724 213.907772 306500.000000 1
401.331191 402.784290 307000.000000 1
422.986337 203.933842 307500.000000 1
392.916056 397.716970 308000.000000 1
395.548313 190.347543 308500.000000 1
397.804560 398.722960 309000.000000 1
399.145807 210.519591 309500.000000 1
399.828599 398.901203 310000.000000 1
405.648765 201.260475 310500.000000 1
399.612551 401.534700 311000.000000 1
390.947550 192.702133 311500.000000 1
399.606640 399.612948 312000.000000 1
416.385042 206.385216 312500.000000 1
400.431072 388.415120 313000.000000 1
403.763206 209.984522 313500.000000 1
400.183677 399.476030 314000.000000 1
399.461556 201.558472 314500.000000 1
404.136672 401.350716 315000.000000 1
407.517244 205.593500 315500.000000 1
399.980745 401.108287 316000.000000 1
419.019825 187.340776 316500.000000 1
397.756530 397.205099 317000.000000 1
401.319580 204.979551 317500.000000 1
397.444753 401.177593 318000.000000 1
399.800734 182.846005 318500.000000 1
401.052325 411.722682 319000.000000 1
378.844836 218.120320 319500.000000 1
399.245971 401.119513 320000.000000 1
397.259636 201.583811 320500.000000 1
404.198568 392.433908 321000.000000 1
400.996171 183.658842 321500.000000 1
401.597733 403.716849 322000.000000 1
418.390719 220.229935 322500.000000 1
384.718801 390.523278 323000.000000 1
392.568623 187.945218 323500.000000 1
398.808870 402.998932 324000.000000 1
400.155511 201.750023 324500.000000 1
400.333783 408.382747 325000.000000 1
384.458039 186.827313 325500.000000 1
405.026062 392.290850 326000.000000 1
384.820604 205.767593 326500.000000 1
403.960992 418.175879 327000.000000 1
400.495090 199.103681 327500.000000 1
400.110659 400.145714 328000.000000 1
389.284625 208.488413 328500.000000 1
402.949197 403.598294 329000.000000 1
407.201260 191.236172 329500.000000 1
389.204707 391.165599 330000.000000 1
399.776092 200.267546 330500.000000 1
406.449517 403.038881 331000.000000 1
404.216748 202.207912 331500.000000 1
394.355600 395.634408 332000.000000 1
393.389671 195.968277 332500.000000 1
416.121666 397.802638 333000.000000 1
398.271646 206.587281 333500.000000 1
391.681088 395.983017 334000.000000 1
400.774937 194.895544 334500.000000 1
400.322188 407.472615 335000.000000 1
398.027066 198.741017 335500.000000 1
381.611613 403.174913 336000.000000 1
404.562894 210.603165 336500.000000 1
419.202784 396.331335 337000.000000 1
411.934277 189.444403 337500.000000 1
387.701762 385.215189 338000.000000 1
400.489393 200.447128 338500.000000 1
414.389406 405.455436 339000.000000 1
392.102717 204.619931 339500.000000 1
408.644165 399.669866 340000.000000 1
402.019656 203.536429 340500.000000 1
380.644038 420.036121 341000.000000 1
407.338808 197.350400 341500.000000 1
403.039015 400.264237 342000.000000 1
402.195080 201.663925 342500.000000 1
408.007301 400.393725 343000.000000 1
394.533258 195.561969 343500.000000 1
396.224409 386.349610 344000.000000 1
402.258692 202.037783 344500.000000 1
399.418859 398.255009 345000.000000 1
396.839642 199.187089 345500.000000 1
399.967356 397.958976 346000.000000 1
399.043225 198.495232 346500.000000 1
403.295479 403.197006 347000.000000 1
392.293001 218.666265 347500.000000 1
399.955405 400.013860 348000.000000 1
400.357460 201.592203 348500.000000 1
395.350675 395.789077 349000.000000 1
407.384760 202.802037 349500.000000 1
404.004171 413.406408 350000.000000 1
376.807853 160.297557 350500.000000 1
402.624351 396.036042 351000.000000 1
398.307507 201.776388 351500.000000 1
390.338712 402.571917 352000.000000 1
397.244301 196.535604 352500.000000 1
384.346067 393.619795 353000.000000 1
397.540471 206.047082 353500.000000 1
400.422097 400.088343 354000.000000 1
406.072729 180.418102 354500.000000 1
394.970638 400.777668 355000.000000 1
388.588561 208.875981 355500.000000 1
399.029107 407.178628 356000.000000 1
399.585819 200.566523 356500.000000 1
400.820935 395.539926 357000.000000 1
399.837526 189.454359 357500.000000 1
401.328106 397.473472 358000.000000 1
406.214422 202.899073 358500.000000 1
398.252399 392.229491 359000.000000 1
399.278120 199.846782 359500.000000 1
406.249520 412.711609 360000.000000 1
404.730654 195.421793 360500.000000 1
399.036901 401.129513 361000.000000 1
398.250320 192.320846 361500.000000 1
409.697563 405.176201 362000.000000 1
408.820864 205.334193 362500.000000 1
401.472152 407.138212 363000.000000 1
406.285783 201.800830 363500.000000 1
392.718246 383.605814 364000.000000 1
418.972835 215.626867 364500.000000 1
401.011616 395.906968 365000.000000 1
378.706252 204.578027 365500.000000 1
399.668120 409.114286 366000.000000 1
403.399189 204.452387 366500.000000 1
394.003182 400.836368 367000.000000 1
420.549180 202.947999 367500.000000 1
383.950001 401.426676 368000.000000 1
399.530918 197.578297 368500.000000 1
400.055416 399.135433 369000.000000 1
399.819383 199.867754 369500.000000 1
395.146322 399.400572 370000.000000 1
402.505438 197.699098 370500.000000 1
408.506052 400.380655 371000.000000 1
400.164063 198.561944 371500.000000 1
398.035222 398.138065 372000.000000 1
385.450243 213.399221 372500.000000 1
397.493189 397.794780 373000.000000 1
402.632128 189.013756 373500.000000 1
388.767140 400.690730 374000.000000 1
397.891358 188.332570 374500.000000 1
404.053936 397.427896 375000.000000 1
409.384317 201.098005 375500.000000 1
398.937556 398.586784 376000.000000 1
399.075602 199.845254 376500.000000 1
405.185494 399.535348 377000.000000 1
420.056364 203.614995 377500.000000 1
389.839954 402.396109 378000.000000 1
373.637085 174.528877 378500.000000 1
387.487849 387.506560 379000.000000 1
400.697237 197.826431 379500.000000 1
408.012178 398.135050 380000.000000 1
394.881895 197.344581 380500.000000 1
398.999974 390.494852 381000.000000 1
396.592651 202.838113 381500.000000 1
408.897871 398.312695 382000.000000 1
398.966519 199.197416 382500.000000 1
394.590901 399.825947 383000.000000 1
394.874740 213.260339 383500.000000 1
404.686485 399.433239 384000.000000 1
391.299066 188.586168 384500.000000 1
413.055303 398.212577 385000.000000 1
383.249383 203.359684 385500.000000 1
388.611787 410.503879 386000.000000 1
392.968717 200.537681 386500.000000 1
416.954863 399.164241 387000.000000 1
369.050035 202.914865 387500.000000 1
416.087624 400.963907 388000.000000 1
404.116619 203.360177 388500.000000 1
398.009759 398.333682 389000.000000 1
391.647183 213.256055 389500.000000 1
412.321853 401.078960 390000.000000 1
384.080417 202.723299 390500.000000 1
404.414526 408.892073 391000.000000 1
390.569237 196.542618 391500.000000 1
406.060813 400.761172 392000.000000 1
422.198556 217.215134 392500.000000 1
404.543322 410.466654 393000.000000 1
401.458069 205.506867 393500.000000 1
412.424736 402.716032 394000.000000 1
413.903539 201.017009 394500.000000 1
388.836224 398.018370 395000.000000 1
383.592873 197.233582 395500.000000 1
402.548386 407.894157 396000.000000 1
412.211409 212.980427 396500.000000 1
396.450032 399.657591 397000.000000 1
399.640308 202.968983 397500.000000 1
406.291678 399.690699 398000.000000 1
406.897265 209.789997 398500.000000 1
424.811206 394.485506 399000.000000 1
394.600001 203.241856 399500.000000 1
400.056018 404.901208 400000.000000 1
380.338087 187.572802 400500.000000 1
399.249632 400.539293 401000.000000 1
390.928765 198.296672 401500.000000 1
400.866835 405.178607 402000.000000 1
400.213198 200.169267 402500.000000 1
399.703247 384.247948 403000.000000 1
417.777473 223.482526 403500.000000 1
398.511083 401.781833 404000.000000 1
404.207369 204.131272 404500.000000 1
396.558051 396.505702 405000.000000 1
400.497343 199.983219 405500.000000 1
391.168742 402.625611 406000.000000 1
403.477971 200.321641 406500.000000 1
408.570230 398.990239 407000.000000 1
397.561949 202.248251 407500.000000 1
402.785887 398.334808 408000.000000 1
409.668895 217.356397 408500.000000 1
402.077886 403.350404 409000.000000 1
400.483369 199.378266 409500.000000 1
398.897721 400.187052 410000.000000 1
396.259181 218.364469 410500.000000 1
410.756575 395.837647 411000.000000 1
393.295264 189.356641 411500.000000 1
392.135159 402.087817 412000.000000 1
393.814117 198.628890 412500.000000 1
394.085006 392.659541 413000.000000 1
403.441776 197.785494 413500.000000 1
403.088681 418.563525 414000.000000 1
399.614313 200.077401 414500.000000 1
400.849925 391.962738 415000.000000 1
404.525240 193.146538 415500.000000 1
394.166628 398.964855 416000.000000 1
404.849543 196.693309 416500.000000 1
399.594874 400.581576 417000.000000 1
397.267330 195.240584 417500.000000 1
394.667861 394.558113 418000.000000 1
390.942669 195.706366 418500.000000 1
388.484506 417.242967 419000.000000 1
404.741530 200.737742 419500.000000 1
396.681564 399.081690 420000.000000 1
394.631324 200.459675 420500.000000 1
395.141870 396.480476 421000.000000 1
397.743527 206.118608 421500.000000 1
392.535680 405.468137 422000.000000 1
387.330514 184.456901 422500.000000 1
411.119396 398.239323 423000.000000 1
387.621611 194.112082 423500.000000 1
400.862347 403.766411 424000.000000 1
402.110320 204.845370 424500.000000 1
397.468808 401.083132 425000.000000 1
402.340860 200.667702 425500.000000 1
399.940968 400.296402 426000.000000 1
408.199932 198.105564 426500.000000 1
398.486493 402.228678 427000.000000 1
390.561656 181.864816 427500.000000 1
405.088266 401.747691 428000.000000 1
409.650387 206.139017 428500.000000 1
399.446459 402.960865 429000.000000 1
390.193366 208.626538 429500.000000 1
399.050933 402.687953 430000.000000 1
399.815897 192.230437 430500.000000 1
397.787247 395.993334 431000.000000 1
405.979509 207.240771 431500.000000 1
399.673517 396.347102 432000.000000 1
392.337039 179.710508 432500.000000 1
414.647917 408.787182 433000.000000 1
391.215541 205.031114 433500.000000 1
405.376820 400.504463 434000.000000 1
405.301717 211.953407 434500.000000 1
399.061503 403.798628 435000.000000 1
397.754423 201.000324 435500.000000 1
400.118432 401.397184 436000.000000 1
406.952614 218.009813 436500.000000 1
411.151463 393.249801 437000.000000 1
400.042394 201.861713 437500.000000 1
398.319422 392.689494 438000.000000 1
407.449446 198.435134 438500.000000 1
411.085776 395.290575 439000.000000 1
394.191863 195.185803 439500.000000 1
396.273194 390.917572 440000.000000 1
400.227928 200.563069 440500.000000 1
399.209232 408.826716 441000.000000 1
394.557741 197.347665 441500.000000 1
410.587382 391.149576 442000.000000 1
399.626746 202.675587 442500.000000 1
394.781126 386.608322 443000.000000 1
395.881562 194.911792 443500.000000 1
402.615631 397.254819 444000.000000 1
398.253589 203.611146 444500.000000 1
391.249655 404.792604 445000.000000 1
391.840011 196.882155 445500.000000 1
395.002751 403.453788 446000.000000 1
405.330017 195.741038 446500.000000 1
397.923776 404.639613 447000.000000 1
394.792333 198.237978 447500.000000 1
413.764555 414.703828 448000.000000 1
401.181022 195.967890 448500.000000 1
399.807803 399.128310 449000.000000 1
388.691783 210.218436 449500.000000 1
396.280545 401.803422 450000.000000 1
402.339673 200.234151 450500.000000 1
391.137610 402.700543 451000.000000 1
399.459118 201.114448 451500.000000 1
399.490702 402.496621 452000.000000 1
399.412079 208.982659 452500.000000 1
406.323824 415.515664 453000.000000 1
389.574511 212.300070 453500.000000 1
413.299271 410.936444 454000.000000 1
390.253051 173.392551 454500.000000 1
387.523564 415.544410 455000.000000 1
415.070935 206.131878 455500.000000 1
395.717484 414.203737 456000.000000 1
398.525263 189.220094 456500.000000 1
400.006927 399.996073 457000.000000 1
397.184880 191.589979 457500.000000 1
392.199028 405.848300 458000.000000 1
398.190179 215.381125 458500.000000 1
399.723704 399.426512 459000.000000 1
398.629601 198.374793 459500.000000 1
417.409799 407.394533 460000.000000 1
405.557361 196.229408 460500.000000 1
399.489453 396.657913 461000.000000 1
398.195412 196.804646 461500.000000 1
401.308949 400.490149 462000.000000 1
398.696506 197.339075 462500.000000 1
409.079741 385.600230 463000.000000 1
401.363045 200.387943 463500.000000 1
395.680771 389.880982 464000.000000 1
398.340529 219.911981 464500.000000 1
406.283273 391.705762 465000.000000 1
395.497956 217.101913 465500.000000 1
373.340335 397.769625 466000.000000 1
399.608552 199.834030 466500.000000 1
399.963689 405.330498 467000.000000 1
389.061974 205.004482 467500.000000 1
399.858785 397.160877 468000.000000 1
399.826046 200.967953 468500.000000 1
397.550412 395.939512 469000.000000 1
412.007650 202.340998 469500.000000 1
401.162589 386.769920 470000.000000 1
399.984644 200.032604 470500.000000 1
393.739495 412.171378 471000.000000 1
389.001188 206.536603 471500.000000 1
404.819474 397.603344 472000.000000 1
399.187741 203.282253 472500.000000 1
398.452913 391.302782 473000.000000 1
402.539575 191.160065 473500.000000 1
399.958763 399.169806 474000.000000 1
394.126363 201.634732 474500.000000 1
394.431481 404.774061 475000.000000 1
409.221364 193.670547 475500.000000 1
403.599021 396.736231 476000.000000 1
398.628424 196.759507 476500.000000 1
398.440752 404.049795 477000.000000 1
395.490381 183.652336 477500.000000 1
400.553046 405.517580 478000.000000 1
392.196204 194.172698 478500.000000 1
403.718643 402.119410 479000.000000 1
399.970486 201.380962 479500.000000 1
397.693599 403.494000 480000.000000 1
398.978790 184.138817 480500.000000 1
409.190518 411.480015 481000.000000 1
389.875923 203.806190 481500.000000 1
412.824743 403.855095 482000.000000 1
399.333625 209.071850 482500.000000 1
404.588007 401.516379 483000.000000 1
403.680540 210.333559 483500.000000 1
394.198064 413.414391 484000.000000 1
409.817069 190.809989 484500.000000 1
415.049583 379.846813 485000.000000 1
404.601359 211.535337 485500.000000 1
405.830719 398.576079 486000.000000 1
404.027581 200.211519 486500.000000 1
399.641325 395.596511 487000.000000 1
399.704452 201.225406 487500.000000 1
400.127670 404.196755 488000.000000 1
398.504827 211.044823 488500.000000 1
395.542084 400.985332 489000.000000 1
400.046816 201.732992 489500.000000 1
407.649884 416.700805 490000.000000 1
398.422780 199.999446 490500.000000 1
408.706161 400.568404 491000.000000 1
406.213559 197.742432 491500.000000 1
393.858108 401.309670 492000.000000 1
386.559573 212.894139 492500.000000 1
419.149450 418.995105 493000.000000 1
375.919360 214.265800 493500.000000 1
403.874286 406.748223 494000.000000 1
402.922065 201.402810 494500.000000 1
402.922010 408.555150 495000.000000 1
402.867568 212.467807 495500.000000 1
409.804310 405.693058 496000.000000 1
403.482722 206.447862 496500.000000 1
399.761095 400.168554 497000.000000 1
397.532968 202.899187 497500.000000 1
400.359215 399.626323 498000.000000 1
405.012145 212.607486 498500.000000 1
398.813055 406.744185 499000.000000 1
394.995241 210.729466 499500.000000 1
