100 1000
237.238015 374.805660
151.146262 312.908064
232.937159 306.840411
101.184645 433.836650
259.149614 358.170072
214.847196 342.294497
181.152295 530.677243
236.483617 460.934957
114.060798 327.572076
89.172328 472.693887
84.657313 368.345908
287.595254 379.989552
229.722320 350.875178
252.608158 466.987125
127.308029 478.582792
270.631601 416.056024
260.466511 359.063328
55.304332 344.952812
174.686149 320.420457
64.910787 362.579714
227.939485 349.922454
265.949646 419.236539
233.957772 475.492147
136.278653 308.042374
196.383688 323.050126
146.867559 276.178768
125.571653 304.203031
209.417842 466.945038
60.697358 338.860907
239.522085 484.423786
270.635687 321.395585
74.595018 441.720515
81.652399 397.348851
275.963926 396.231345
76.803296 428.985214
138.578632 476.659370
207.263521 504.339370
76.628856 473.731900
93.835106 374.193839
148.066712 312.483962
56.059312 427.543080
212.325093 305.887568
152.209607 499.137340
272.540174 432.368451
106.732073 359.295036
162.449336 511.378485
208.660547 506.973457
186.642060 490.763650
161.183535 321.409847
211.737712 519.306135
310.089469 361.723435
287.305799 350.881611
211.889428 324.168297
87.230289 338.104831
274.689923 422.759054
264.723187 362.552478
140.062400 308.498757
144.545023 330.105722
164.006017 512.667871
251.847140 402.992808
87.985775 376.746427
176.634883 482.552762
190.349409 500.235201
123.136154 301.510646
217.179597 476.110912
118.051469 414.501342
134.244925 328.119585
104.517421 363.866910
287.844274 372.653648
235.944100 356.150086
113.302388 314.180092
88.158736 368.448152
286.106467 406.018505
161.103979 284.307782
65.851102 389.577927
196.086493 318.472790
96.841015 441.344764
110.924451 309.664326
117.911701 326.200732
118.019071 488.953966
142.835516 314.534292
190.148059 495.988897
104.978006 356.776383
89.230574 412.923089
151.498841 323.480643
55.536209 413.071725
65.483995 408.627791
99.801251 467.260463
199.467026 300.165040
262.573954 429.730132
169.188865 469.602483
274.039591 429.440400
85.450790 347.225339
97.011310 399.968192
121.692040 451.130023
79.557582 360.425030
148.875131 311.005864
266.248513 445.252546
126.351636 340.325361
185.166646 279.634867
248.368441 502.525181 28.791105 5
95.712595 462.665102 42.934749 6
220.637142 310.083840 50.011977 6
186.803363 511.248621 64.163019 8
211.905364 301.781312 76.156332 6
290.883346 349.882295 88.118752 7
250.473815 432.997279 93.104663 1
137.461279 314.181930 93.662929 2
257.230726 444.069164 105.141506 9
252.767711 481.865924 111.844671 4
228.733201 449.434584 117.248401 7
59.001056 453.910150 120.089349 6
218.628047 296.551874 151.756342 10
260.595592 472.749388 159.649154 1
291.807573 393.480733 159.773454 6
173.707096 533.760537 179.925589 6
141.826224 490.890344 198.001758 4
283.549317 441.843381 218.069927 4
184.259926 339.407472 221.341982 1
104.769853 359.142303 222.700404 6
253.413098 431.397559 222.984467 10
115.532060 292.980402 236.598405 9
116.157236 505.442034 245.378448 8
179.838193 513.648436 283.563999 10
23.601771 356.955030 296.022042 9
198.015418 502.060368 305.061238 5
68.727223 420.666026 324.518915 4
216.481577 493.170358 341.313858 3
95.837243 340.026330 346.552656 8
88.104596 398.294846 347.863844 1
196.685386 300.394137 353.774255 9
118.159545 441.952105 372.192029 2
300.179921 367.029621 384.153106 7
159.541760 503.545436 389.164842 9
145.761441 503.621944 418.318025 9
123.808384 487.906144 435.835238 1
88.393330 397.909827 438.091567 8
260.577161 448.713308 458.629867 2
266.727045 413.464317 469.720415 10
271.010737 436.741243 475.366058 3
117.910070 311.588093 480.456954 1
269.072208 434.165798 486.167095 1
195.830420 314.846366 489.400538 8
106.255243 445.601210 493.754432 6
246.159374 331.928503 520.406221 8
195.315502 312.486451 529.307813 5
240.323644 435.757678 531.422701 9
118.722641 483.481074 531.734134 6
94.206323 402.507586 547.917366 4
259.070460 473.009252 572.307480 8
188.784886 479.212816 580.785244 4
218.736385 320.219507 586.810035 4
258.129336 443.920348 608.243218 5
243.088442 488.061695 635.792283 8
227.852499 348.338183 658.784590 8
131.298772 467.873497 660.649425 4
139.106955 377.463778 663.653062 1
200.079675 289.458999 672.578832 3
287.628973 449.511598 693.236832 8
274.954925 442.796111 710.150347 4
95.445121 367.941565 710.165733 3
163.060477 479.351623 715.830629 4
266.949252 475.912088 731.709832 6
50.808969 383.854424 734.052399 9
100.518851 375.737701 737.007395 8
218.888252 472.368642 737.999610 5
100.430790 469.773284 750.920620 1
255.570968 361.335648 768.895974 2
253.755519 366.879308 775.236796 6
229.714090 303.403643 785.980259 8
96.747851 434.021414 797.693398 8
155.348489 282.253562 805.328590 2
131.636971 465.540243 842.809916 2
166.696403 527.562167 870.128846 2
182.809060 520.976262 872.837958 6
189.940413 290.155151 899.898204 6
169.248384 299.845496 923.829467 7
268.760259 443.576349 957.299737 4
232.605029 490.984123 973.156912 5
191.776430 323.747694 989.321292 2
124.287438 497.802770 991.772092 5
109.312401 373.571096 995.573716 9
174.157056 286.304278 1022.360718 5
252.018424 515.673813 1029.144585 3
71.512837 402.879572 1058.396290 2
69.383273 400.938316 1069.963099 2
218.345988 495.255448 1070.298901 2
95.171024 430.804017 1070.674269 7
68.861453 409.897395 1074.015077 8
98.402051 417.272697 1081.956364 8
226.972099 313.924219 1100.101044 8
200.913203 302.651415 1104.682375 1
291.078408 461.316926 1110.078673 6
196.874004 502.390748 1111.765969 10
135.735781 481.258649 1126.914647 3
77.805416 452.501154 1127.881698 8
91.463687 383.979760 1129.039893 2
137.933934 473.485952 1158.310240 4
273.756549 447.968880 1170.483978 7
158.245045 489.195275 1177.348861 7
289.333812 390.796368 1189.737278 7
240.561142 351.783754 1190.637042 8
151.820655 490.949516 1216.438342 3
96.698641 406.587150 1225.530242 2
154.762689 524.092662 1228.552363 1
232.279800 476.461621 1242.499185 5
140.727126 329.935690 1267.050112 10
161.108892 502.413307 1267.877897 6
245.257906 480.608475 1275.389661 9
284.980960 406.535871 1286.361076 6
263.527830 475.273245 1287.075469 9
273.067996 393.198236 1307.725069 1
276.289057 477.690513 1309.371377 1
222.705622 312.595758 1318.571342 7
131.856751 521.141001 1322.772969 8
150.442400 492.474863 1342.978567 9
224.161228 307.434319 1369.559265 3
271.503784 383.553029 1373.552102 6
66.624702 336.913692 1385.701648 1
149.387808 499.209093 1390.461935 5
205.284931 512.757868 1406.963687 1
280.264524 430.365420 1414.050458 8
269.879759 468.871475 1420.868578 2
70.602322 387.345498 1421.171562 2
84.506624 363.060769 1424.724268 7
77.126595 452.707381 1433.519897 9
72.162648 414.584973 1436.783965 7
254.342310 374.283391 1448.173128 9
128.056290 322.889285 1453.756838 6
129.265903 309.967108 1461.828579 1
121.186886 482.831569 1486.718821 4
264.745438 400.407457 1511.622918 2
191.043294 316.264255 1520.804718 9
263.951397 369.915508 1536.605205 5
139.096761 315.013896 1540.401460 6
82.382196 407.564434 1544.995324 5
117.268547 315.171167 1547.848441 10
102.424956 445.711676 1551.951480 3
256.643927 434.146914 1567.727677 6
184.850347 329.995290 1582.686023 2
137.119066 473.733978 1587.859590 5
125.948197 498.389464 1594.525649 8
69.176871 466.310720 1641.823301 9
94.483951 370.095426 1651.795692 2
264.137382 407.961687 1657.320498 8
91.477894 357.064245 1676.414602 1
233.158342 336.595762 1677.319873 9
85.244352 381.353104 1694.019595 7
86.235777 400.892122 1697.807962 4
267.759233 375.712523 1710.013421 5
58.135375 414.594798 1710.431468 5
71.625516 428.561257 1715.480190 5
259.432609 340.811636 1724.306662 1
212.563812 279.186111 1736.695393 5
36.441557 373.891996 1737.382219 10
76.329805 347.454387 1738.067230 2
197.904459 283.942303 1741.287555 6
218.226236 324.317920 1761.428870 7
152.047847 470.563664 1770.812430 3
305.002982 404.905083 1770.820297 7
160.117696 468.768986 1812.834025 10
87.343948 330.226008 1816.779177 8
66.994344 339.725946 1832.446890 3
222.035287 281.492376 1841.750299 7
169.182404 498.862287 1860.912400 5
77.778971 433.637230 1862.267049 10
101.383455 319.625180 1883.404057 9
258.718434 482.520624 1892.427368 2
180.396068 498.652043 1893.015162 10
254.744028 410.601938 1899.750223 4
264.792367 316.590210 1902.533406 3
262.067926 470.711570 1916.993929 4
278.184298 366.677908 1927.723306 1
238.027437 438.226007 1945.355667 3
227.746485 521.428537 1949.220968 9
267.172943 344.707593 1951.153491 8
262.362802 469.559898 1957.736961 8
217.050677 488.425161 1972.016722 3
230.920446 300.878822 1987.845146 1
229.510981 358.151813 2003.578033 9
140.425375 470.217209 2031.215156 2
147.767364 492.804169 2036.527027 3
204.849551 496.917738 2036.972110 7
136.046850 509.216425 2048.432164 10
226.130695 326.419077 2069.990871 8
101.315442 430.079513 2084.363202 2
228.625512 487.671551 2085.980286 8
277.718056 373.100404 2109.162933 5
79.582858 410.117530 2110.531848 10
31.719192 446.860443 2113.042026 5
115.836209 341.467882 2148.435806 9
257.210953 471.394869 2153.479368 5
141.354532 358.861833 2153.682942 2
273.598531 377.680924 2175.489627 7
88.378566 322.518245 2181.467072 5
166.512670 299.623921 2181.916516 7
113.049659 325.611095 2184.804551 9
91.631072 465.011848 2200.901477 5
217.125996 481.264273 2238.722356 1
58.721530 440.257381 2241.614104 7
296.214907 374.326018 2247.408220 2
91.014062 465.191158 2253.242793 2
72.505755 416.194125 2257.988542 2
282.961596 451.640765 2282.749539 7
215.302709 469.424563 2287.129999 8
101.193359 488.146614 2294.189179 2
289.712675 383.579969 2304.488047 1
262.111549 346.135609 2310.369964 1
222.802116 508.742621 2339.643475 10
59.070835 398.003126 2347.993487 2
240.258619 404.346581 2364.380349 10
256.660820 373.697053 2398.548237 2
192.523020 498.762582 2402.226263 4
141.141648 501.446650 2412.089560 10
255.559676 345.903154 2426.603239 7
72.331929 453.213880 2428.230388 5
147.938488 300.002521 2432.088576 5
259.388303 425.914835 2432.560868 9
250.227565 388.256711 2437.707918 3
289.470139 370.272427 2462.234840 3
120.525195 502.198401 2492.862961 5
211.028810 306.834680 2503.036715 4
94.730033 454.982545 2522.309658 6
287.086226 393.594062 2550.676791 7
127.154713 448.502343 2551.729803 3
109.159316 401.276344 2562.729573 8
123.356784 444.773806 2597.948371 4
268.837530 448.721981 2598.580831 2
193.421339 473.827606 2598.891825 1
92.789634 452.134053 2600.975190 6
167.262359 500.317610 2659.756524 7
260.871054 422.092556 2665.218033 7
102.558555 360.034869 2671.564546 4
146.370507 348.870739 2683.713314 2
275.249938 401.956483 2692.344509 3
161.319029 307.547897 2692.364722 2
97.538119 440.246538 2700.569308 9
125.232793 341.291362 2716.923621 3
96.881878 436.437564 2719.233442 8
118.967890 319.088195 2720.481325 7
240.933756 473.054895 2741.434600 8
265.320171 451.474733 2755.019968 2
75.046985 439.570940 2866.813717 5
284.291998 427.867618 2876.649933 4
112.383708 456.074872 2882.495973 1
89.222973 340.048418 2884.948490 10
268.685054 392.752638 2902.641982 8
80.927580 387.539757 2904.125996 2
245.977292 343.873020 2918.505107 1
143.019484 507.711366 2921.963471 9
52.690106 441.216648 2937.051268 5
196.740119 311.638788 2942.509861 7
72.607275 378.329634 2949.108531 5
81.325076 399.263807 2950.712099 3
102.246242 337.790736 2952.526857 2
278.679641 436.456333 2959.998981 4
88.466180 372.746368 2963.151528 8
197.709655 517.453550 2977.995653 6
206.908476 499.194280 2997.952503 6
103.436547 464.899695 3005.615228 1
277.982745 402.667248 3006.129853 1
220.534546 510.262650 3015.865003 10
173.649593 503.975804 3019.871199 8
240.938532 512.105469 3023.280878 5
131.257940 488.637655 3047.466740 4
88.351589 469.867735 3077.198001 5
78.709740 371.157492 3078.048755 4
276.940081 384.681083 3079.359252 9
113.725818 490.103358 3109.486518 3
274.941665 412.892474 3127.179070 3
128.245090 352.641248 3144.884311 5
78.456139 346.214995 3197.262480 2
180.023899 490.424773 3205.295478 2
271.902850 458.128680 3229.381620 1
76.001757 396.184504 3229.679075 2
146.925387 472.973256 3233.519552 10
275.856088 357.090299 3237.132400 6
110.733391 318.764214 3251.370649 2
54.995334 436.991335 3256.003178 10
229.199894 319.677903 3260.506129 2
135.314641 287.255992 3267.570696 8
145.112143 501.236576 3277.311744 7
80.202502 382.634712 3279.608128 6
268.326007 385.961193 3281.600366 4
75.584344 369.685686 3282.971428 7
128.165785 328.106798 3285.982215 9
66.339464 447.154380 3287.968072 9
195.938003 314.605760 3300.614034 7
102.774246 340.012996 3305.722070 4
231.017605 482.458942 3337.032262 10
157.732861 292.893185 3337.473040 8
95.582991 435.475393 3357.271005 6
119.578660 343.680354 3370.819838 7
181.286480 495.586433 3373.008969 3
191.336032 312.841838 3416.638665 7
143.791110 312.694348 3420.163321 10
221.636687 499.467708 3420.808336 9
118.326668 464.197524 3432.204848 7
85.519250 398.432337 3443.583325 1
224.463708 469.897281 3452.651269 10
210.368655 494.268988 3452.660099 4
171.455122 273.604988 3464.561329 3
81.427750 408.979153 3468.903111 2
230.326302 316.681371 3470.066818 2
179.429332 474.786836 3472.172977 1
270.006310 453.800852 3480.481694 7
214.323194 322.803146 3489.925888 3
231.772798 482.828972 3496.198864 7
153.280798 473.342053 3508.627814 10
63.572930 392.473696 3509.292034 7
231.706876 360.222971 3557.090647 6
187.431076 489.288976 3587.265969 4
110.579369 335.028214 3590.806012 8
273.174385 332.424289 3593.483664 10
207.100349 314.056439 3593.965657 8
128.038853 311.275495 3599.772850 7
128.141925 358.464506 3601.072612 2
271.939026 416.754908 3622.414328 3
102.064507 354.200335 3629.114322 7
88.079550 479.599783 3629.568889 2
192.046644 340.540375 3636.934900 2
69.485824 396.287486 3645.591837 3
247.303143 482.632348 3647.272750 1
231.647488 485.085028 3666.508612 3
110.410389 356.183250 3680.007778 4
241.236585 496.329731 3684.505320 9
122.095339 347.951400 3690.510795 2
156.021661 482.490313 3692.373395 1
61.995621 433.170577 3709.693942 2
64.426768 368.236473 3712.178714 6
80.709704 403.419202 3727.780783 2
72.360340 423.586137 3733.843336 3
157.399947 286.480047 3736.857314 8
167.155900 315.370157 3737.171845 3
264.327924 324.488971 3743.343006 7
223.611886 352.661601 3765.092224 1
74.493631 329.872290 3775.805802 7
255.400919 453.233611 3784.022766 6
216.751279 450.039075 3802.162636 4
226.922988 508.433277 3807.580872 6
128.508574 328.736979 3813.094177 10
126.813902 505.589159 3821.976539 8
166.043065 335.244410 3823.474767 8
220.885378 318.708607 3827.371944 9
191.035970 270.494093 3836.656927 7
270.550274 429.887393 3837.558195 7
100.680879 323.945448 3837.787162 1
160.610412 312.673859 3840.224588 5
197.692577 293.084888 3871.273730 4
218.602509 337.125636 3883.370890 3
166.824684 318.830260 3883.622895 2
265.704945 334.089137 3885.971621 2
90.827432 496.055574 3889.483013 8
271.526843 372.797268 3889.777780 4
114.339536 509.513783 3919.947017 10
90.510836 395.419343 3938.715983 7
277.222420 446.987909 3944.439340 4
75.280669 484.373620 3944.859942 2
231.755769 285.566982 3952.837812 5
137.738471 489.116447 3955.069026 7
90.592947 369.387239 3964.789811 5
285.932570 391.673846 3969.821522 10
150.960892 494.335003 3974.758713 6
208.276852 492.142599 3976.649827 7
77.575548 399.468405 3978.775950 5
151.299968 524.720267 3982.821576 6
229.794815 490.277664 3983.123212 1
133.760451 511.739599 4010.395906 4
152.317699 493.068314 4017.123479 8
195.970381 317.208580 4035.334296 5
98.800914 440.459199 4048.676798 6
240.188348 484.321457 4050.996293 3
193.027644 311.627080 4051.268756 7
69.743171 445.481273 4053.933916 3
287.782472 432.519764 4072.584731 6
271.042024 434.263248 4073.170902 3
155.799597 310.622348 4087.432787 5
231.553313 459.764929 4091.008848 6
205.568475 479.862764 4099.554518 4
229.699574 314.570150 4104.710581 6
89.971037 417.769844 4134.363187 6
184.691107 471.148741 4138.930151 4
99.980033 358.438966 4140.227099 1
135.548935 464.035776 4140.421725 4
248.645445 369.131767 4143.895033 9
106.626960 481.643847 4173.770563 4
93.651192 334.300070 4178.805505 9
216.578085 494.349563 4180.516024 3
84.362908 415.444317 4185.859180 2
246.088634 325.409128 4186.694255 9
274.559944 352.107430 4191.736127 2
83.643903 389.153128 4193.119719 9
181.752100 505.987379 4201.590744 1
227.527434 469.322150 4208.298358 5
49.857559 413.586189 4223.952749 4
179.848639 284.371738 4255.015037 10
178.745810 512.932064 4270.189969 6
156.443406 524.042127 4271.758794 7
216.405088 339.202737 4273.462857 2
163.376353 319.926317 4285.150151 2
216.941487 323.497753 4285.168693 4
257.135666 383.304753 4304.345106 5
174.055372 504.150207 4324.448010 1
211.891262 509.718134 4341.520162 8
199.537744 499.632860 4346.988764 9
86.710673 451.574607 4351.778855 4
249.299937 471.380820 4355.820837 5
211.523227 316.260207 4361.918506 2
67.360880 384.154721 4370.427113 8
94.388159 487.884645 4382.808259 6
264.128953 393.211108 4389.954835 10
129.454616 324.172432 4395.131851 4
116.191370 460.239685 4396.053532 4
277.318184 441.699772 4432.456896 2
182.326332 292.735571 4434.024614 7
164.770319 337.957154 4450.367293 7
279.205689 404.286324 4475.237133 3
161.759866 314.765759 4476.320854 8
135.615774 294.728547 4480.636691 10
254.786254 347.120852 4480.813231 5
246.819551 498.708382 4482.308442 1
193.906898 318.992924 4483.679722 10
266.654198 418.848700 4486.625015 5
188.626025 472.757913 4491.532327 2
75.797898 342.474881 4507.068711 1
148.818356 289.940185 4513.671765 8
265.163155 442.442884 4514.827550 10
120.683415 503.211661 4517.938855 1
208.321979 504.687953 4524.267522 6
260.631398 427.785741 4535.755094 3
229.028984 516.946856 4536.247016 1
246.056726 367.506774 4537.192314 7
266.189693 447.822139 4544.829440 2
97.684511 477.204489 4551.449314 4
272.586079 350.763643 4574.642881 5
244.115421 519.939343 4602.089833 5
105.352688 473.111345 4608.599279 4
219.427119 523.451470 4625.791571 9
67.193239 462.058167 4650.950296 7
270.871366 333.677063 4654.106426 2
232.690866 485.406924 4709.762521 3
275.142494 457.144728 4709.946888 4
136.620237 493.524674 4714.041942 9
259.961460 354.378809 4718.041492 4
248.360987 454.107695 4725.523327 8
137.513548 529.154210 4726.555697 6
105.258505 464.262792 4735.073418 3
99.276550 419.419609 4764.832445 5
262.515051 340.781549 4765.046538 6
102.566029 461.056408 4765.159653 7
130.891508 315.892224 4782.884281 1
240.840978 300.665836 4797.954655 10
162.834472 480.289818 4802.630777 7
143.784769 323.456574 4811.442391 9
220.333014 289.847149 4813.672384 8
180.374758 483.263835 4840.983942 2
133.444437 284.524598 4851.609158 1
80.528539 413.721075 4857.579366 2
126.703655 456.021176 4872.720030 3
258.301684 431.817260 4875.726003 10
317.711012 403.871844 4902.351368 2
77.209115 372.753993 4965.114528 5
111.840587 506.482387 4969.983012 5
134.527357 485.847329 4971.981993 4
173.592620 328.864286 4985.130604 6
106.735060 501.258055 4985.248411 8
134.299108 345.573925 4985.437692 7
64.704856 397.825727 4988.678873 2
230.695097 521.727945 4998.372650 10
177.557623 488.943499 5002.586415 9
148.922222 309.592652 5015.757520 1
263.503629 421.234541 5016.337551 3
107.260563 319.242492 5035.095630 6
79.233390 428.441052 5054.902633 6
80.827685 437.012341 5061.509898 6
226.835487 460.141422 5072.446324 5
62.238526 442.718803 5077.617569 2
83.716054 405.970334 5079.109378 3
271.092994 412.669503 5079.815300 3
89.877491 383.626290 5083.841862 6
117.244770 343.470626 5085.102411 6
250.866335 450.164061 5085.350280 2
61.952154 424.103423 5097.821661 8
71.999857 414.516568 5106.592555 10
260.444929 383.698284 5111.363015 1
273.550408 384.317036 5119.859001 2
236.348439 340.450088 5130.974540 2
256.272053 474.989763 5131.035927 4
141.922703 520.359880 5133.539311 3
259.676516 454.376871 5135.173355 5
132.691041 333.205870 5144.719093 7
182.344017 307.249657 5145.870777 5
247.638033 461.888693 5145.990834 8
107.861616 361.138156 5152.023151 4
55.666713 420.238426 5157.745789 1
152.402420 490.047489 5161.269847 5
246.979483 329.044504 5176.036929 8
279.686650 400.130275 5182.523200 5
282.107953 379.618350 5183.902914 3
281.921681 325.654055 5188.393820 6
102.976992 320.518744 5188.457682 9
185.511005 320.947362 5202.621618 3
253.586164 429.162459 5228.929906 9
250.082318 478.615953 5249.065498 6
294.833328 436.685839 5264.315069 2
258.717400 388.211186 5304.698612 2
90.119313 317.999429 5306.297220 3
102.344166 492.400194 5309.489709 5
79.573479 400.866352 5323.623512 10
175.197779 299.111574 5325.652408 1
219.598394 310.361767 5337.386602 4
200.445567 511.586481 5340.887558 7
162.100984 490.659455 5343.604460 1
90.959232 347.607335 5349.253499 5
166.191534 479.008981 5359.129982 9
268.086189 403.447900 5366.953100 1
146.218847 321.762592 5402.615458 3
118.238379 329.091930 5403.943606 6
234.348478 312.717264 5407.462558 10
80.465438 459.825459 5416.436073 3
129.071568 320.997477 5422.630818 10
148.727270 460.668279 5425.140946 3
240.968234 491.348502 5445.999615 6
115.067187 475.516490 5456.025779 1
123.489418 473.415497 5470.386334 10
109.013831 441.926038 5487.218498 2
197.703742 514.931612 5516.487952 8
260.697110 515.231589 5518.181842 8
247.219671 331.285578 5527.742222 9
208.590806 476.486910 5538.169595 10
228.325903 307.368364 5547.839792 1
135.139902 319.721067 5550.651045 8
266.102950 416.354307 5554.086135 9
215.356967 288.338226 5571.118582 2
94.089479 403.768404 5590.581353 7
143.119880 518.661162 5603.057126 7
136.960950 315.404476 5608.457473 4
80.439715 442.381433 5610.770544 2
197.511574 326.131042 5618.376742 4
196.297398 538.706524 5624.780619 10
102.190747 480.621940 5633.117546 7
277.741902 441.557870 5658.403884 9
212.164124 322.920943 5671.977474 4
62.558969 381.533553 5673.317758 5
269.451919 447.340470 5674.680565 3
182.338069 519.313696 5675.504836 9
129.029993 318.335642 5677.878764 2
280.841452 392.147045 5683.400724 2
265.995879 325.218284 5703.831925 7
260.582282 323.265397 5704.858696 8
157.224008 351.281409 5710.869578 10
101.961268 393.504191 5712.249938 6
273.255488 440.820678 5731.621990 10
81.092799 414.547310 5733.187183 9
215.876645 470.114483 5761.572503 9
77.817108 333.855556 5788.756331 9
149.964057 340.031632 5800.499465 2
138.126094 489.739403 5810.624086 9
83.326660 443.520679 5813.450107 1
213.773650 467.918866 5872.071531 5
57.262555 386.189539 5872.821143 7
121.787704 312.810039 5877.367390 3
256.093035 482.847067 5890.241965 7
244.915135 496.161363 5894.211986 1
162.742905 498.748839 5894.896297 7
100.708158 524.781603 5903.650236 6
90.417198 395.788263 5910.856498 1
85.108390 362.437919 5913.183283 9
155.932509 321.505393 5916.418038 5
165.898780 328.475602 5947.152408 1
178.752614 296.516621 5958.519916 3
108.776190 460.473005 5962.976602 10
178.335140 331.477398 5963.741171 4
175.274049 494.219145 5966.454341 1
258.709902 436.570686 5970.068722 5
167.229503 505.114006 5977.435262 7
240.978394 332.338340 5978.449020 6
149.437215 496.496909 5993.096358 3
131.227585 328.178552 5999.026741 3
210.788689 495.011112 6000.498242 10
74.914670 411.751559 6002.056920 6
257.891694 335.331405 6016.621843 3
255.668253 437.366075 6045.477916 8
66.292063 455.243493 6055.654784 8
93.240168 381.122945 6062.106954 3
182.458875 314.529100 6078.680099 9
238.669684 483.192536 6079.361608 9
286.335111 412.125845 6087.844152 7
261.886778 476.839996 6090.622164 4
65.771546 414.578751 6095.560648 7
98.833714 460.697313 6099.310220 5
259.924435 456.030154 6111.887863 9
302.421970 398.932875 6113.997333 6
255.668200 470.857564 6137.586605 9
287.447682 312.542176 6137.976195 7
145.215623 515.351138 6144.436338 9
288.497554 462.201603 6145.620339 6
89.588353 358.932000 6149.939314 10
129.778384 489.135838 6151.068589 5
110.325701 447.871979 6154.921327 5
89.346227 468.442902 6162.815338 3
247.126062 322.703933 6167.322145 2
129.371841 305.004196 6168.170166 10
157.636081 540.290655 6170.447217 2
128.700308 295.061864 6178.002753 10
60.881171 467.368951 6178.765847 6
70.338049 467.364963 6178.983555 10
273.757579 472.625806 6186.688910 1
241.693951 330.491847 6207.780178 8
82.605088 467.799138 6213.286763 2
170.412134 298.446517 6231.878207 4
118.046848 319.391525 6257.443930 10
65.335307 380.064369 6272.287279 1
281.043427 424.353821 6276.096967 5
249.127663 466.002452 6276.239899 6
255.800698 459.073870 6302.586078 10
254.530063 484.777059 6303.637681 2
278.913342 356.546446 6303.822919 8
89.133534 428.223800 6304.955994 5
89.535200 324.550072 6311.905163 6
138.842323 318.384698 6321.271514 8
62.440761 447.030107 6325.146108 2
74.610602 399.081935 6338.381814 9
58.923499 330.022760 6347.254364 9
190.408031 489.216371 6348.671817 7
85.094241 326.782197 6353.749155 9
159.536377 502.570606 6362.615330 2
213.287867 508.816899 6378.727890 8
271.941708 324.150798 6386.239256 7
231.183641 330.361869 6392.082678 2
229.609913 435.701274 6400.341933 1
132.835662 515.905126 6402.313403 1
248.667314 367.121817 6409.560629 8
163.836991 511.026588 6410.518205 9
272.242919 379.872819 6444.960205 6
297.344800 429.647651 6465.474800 10
296.186152 432.855191 6470.528883 2
244.806820 368.510043 6472.702356 3
200.470533 502.509554 6482.865799 3
268.807166 373.897613 6492.995200 6
256.736196 436.153739 6497.843587 5
177.976111 310.570795 6501.489569 3
201.052645 470.483562 6504.346344 5
83.932900 372.295970 6507.712531 6
88.596739 373.192388 6508.258969 9
98.231667 451.362090 6525.521419 4
116.252110 490.817402 6528.664685 3
252.596680 479.999800 6549.734956 10
78.012377 416.186386 6550.543318 10
121.418806 482.106251 6555.548915 5
237.609149 340.924107 6562.232433 3
267.620278 407.724135 6563.539108 1
219.228502 326.311232 6576.992046 2
233.742723 379.622478 6585.164775 4
282.726723 462.367385 6587.075007 10
264.345277 389.926293 6592.408493 3
109.179514 344.485123 6604.186685 2
197.155309 324.801802 6612.633210 6
231.545813 360.021647 6654.632708 10
149.066172 516.713866 6655.729309 9
125.560835 494.408546 6666.201428 1
169.824038 529.862758 6684.219156 3
60.179231 395.582085 6687.486657 8
164.979870 304.793382 6695.803264 2
49.083563 397.445911 6700.763326 7
147.692466 290.879238 6704.736802 9
259.167130 373.527875 6719.936988 3
173.012377 312.416024 6722.161413 6
65.150731 385.779054 6776.010886 3
131.761628 298.929140 6797.388929 4
190.585445 320.530138 6803.825560 5
264.007192 324.717462 6813.585877 4
281.471553 375.102756 6831.338166 9
210.088958 531.463830 6832.035482 1
81.015365 432.474581 6833.518894 3
229.044358 490.769756 6846.531715 4
65.803643 410.417246 6852.677277 4
98.203394 482.870381 6854.815408 6
115.808572 428.569024 6856.153691 2
237.126322 468.288390 6866.573609 6
302.032190 428.501572 6873.643920 7
254.431277 426.630674 6891.745997 3
155.248853 516.127455 6895.674589 8
95.543233 435.368658 6909.523508 2
276.126200 423.780619 6920.048693 7
133.121216 295.222918 6933.408004 3
291.489613 384.435676 6951.337337 8
176.225929 296.661388 6951.963386 10
122.443291 470.019628 6977.694251 5
192.331555 289.122425 6990.620859 5
224.167373 321.055776 6990.974992 5
97.648716 472.244472 7017.636858 8
228.631615 456.457662 7018.822131 1
64.939414 397.073226 7019.794087 3
240.690279 478.999983 7029.831958 1
170.616712 280.248717 7030.893714 3
280.150232 374.212152 7038.209868 1
96.478150 470.961590 7043.952717 3
234.788980 319.460906 7046.594362 1
75.373325 347.319044 7048.318622 7
72.819845 384.459907 7068.698143 8
233.230959 329.351656 7079.050368 8
286.526663 407.358149 7085.405368 7
219.304107 509.577613 7096.871173 7
275.055994 417.742521 7104.177352 5
246.514783 356.733309 7117.398667 7
122.543712 362.321150 7126.659970 9
158.011525 508.973259 7144.337255 9
143.719674 454.642756 7157.860959 1
121.316159 317.919476 7183.617209 3
174.193225 468.912244 7186.791192 8
161.149537 310.579951 7193.709515 5
151.681338 506.588153 7220.607222 8
134.630779 462.056298 7221.455585 5
285.716555 359.789736 7224.385585 6
140.770376 477.189795 7227.731835 6
77.547091 403.568440 7234.051266 7
256.824767 404.074773 7247.585844 8
230.536304 488.346174 7250.575200 8
205.209295 309.921037 7254.467656 8
245.353768 366.183252 7256.664189 3
301.414092 413.617858 7261.451534 9
142.198409 308.036986 7268.938880 6
273.195021 379.288592 7283.635126 8
161.183897 474.975494 7320.278180 3
156.488961 505.429258 7331.452716 4
234.386264 431.959047 7337.974531 9
285.146913 415.404973 7339.404231 5
253.151024 411.368942 7349.776660 6
90.986018 329.259561 7359.104459 7
60.632083 381.776378 7362.353714 3
80.789931 438.611774 7369.354797 1
244.284701 343.004774 7384.237578 3
136.777120 306.189636 7394.419283 8
253.410776 390.375804 7400.861971 6
196.643624 481.046346 7426.266971 3
99.375778 328.316955 7435.208066 7
214.990918 506.229697 7453.813063 7
147.676721 295.845976 7465.909136 9
52.768081 462.546196 7479.448747 4
247.523483 350.358583 7486.019264 1
88.110848 404.592104 7486.733608 1
150.273207 313.253840 7495.939673 7
247.658215 329.121813 7499.669567 2
236.383331 339.233984 7534.315400 10
154.459897 517.850088 7547.380585 4
77.875560 364.627180 7550.374996 5
192.660322 329.772799 7551.573279 1
263.055554 473.279556 7562.242017 10
189.337714 293.841851 7567.889834 2
188.033434 284.332918 7568.208833 3
289.692635 437.484765 7572.927106 9
210.496523 322.340562 7591.214860 7
120.919753 328.721872 7639.321441 10
93.581685 378.396265 7640.820738 9
135.707513 305.953988 7643.996316 3
247.422649 478.743989 7645.752465 1
101.068204 335.271368 7647.034142 10
260.748228 471.455529 7649.661463 4
256.545393 380.570660 7652.126381 9
169.838928 499.485655 7654.594644 4
164.915126 504.674156 7656.505625 7
244.838428 507.933589 7659.731706 9
298.121259 333.788027 7668.487254 9
267.837413 375.404776 7676.729098 8
162.508186 497.751138 7693.567425 9
124.865410 310.527312 7710.865053 9
242.839285 329.155172 7713.352240 7
78.972602 399.066119 7723.369337 5
278.647011 348.193581 7733.686111 10
238.746469 299.467273 7737.474351 8
232.265204 318.314645 7754.805537 9
165.590525 289.744176 7755.996625 10
302.559198 376.176179 7759.273536 7
135.240980 338.092487 7768.627165 2
157.921555 492.225346 7769.137916 1
211.169004 312.138006 7786.186362 6
139.433146 493.309686 7796.446723 10
187.228125 330.544014 7800.387837 7
258.645094 342.397560 7803.377620 9
264.747308 352.829768 7804.690066 9
127.354167 345.773525 7804.939478 9
215.086794 304.909648 7806.881588 9
254.914864 324.007679 7810.687650 8
229.560095 333.604190 7816.051733 7
64.300461 372.659683 7816.479810 7
215.908483 340.345063 7864.158886 7
266.612938 362.765376 7864.565201 1
254.664406 412.973932 7866.476023 2
266.951915 387.931516 7873.424015 7
178.876215 315.949754 7891.470109 3
214.317159 514.093254 7898.900136 4
77.575127 442.477418 7899.722044 10
65.224302 395.012800 7899.736264 7
132.051261 464.221169 7903.616525 10
239.537366 338.876022 7914.368655 9
86.319755 432.367581 7920.255236 4
213.545465 471.746944 7925.976499 7
245.626158 399.039751 7930.616912 5
80.469800 361.886551 7933.784579 5
107.399998 460.281596 7937.863631 4
104.535803 341.372001 7948.581175 2
134.161945 485.563672 7957.253899 1
282.138693 449.322045 7965.684670 9
131.740817 493.058122 7977.143061 6
122.851399 473.310474 7988.078182 10
134.830854 502.895746 7992.141636 7
72.128989 354.248006 7992.910890 8
118.546116 515.670331 8015.344262 7
127.114573 304.033233 8018.240753 3
289.487931 496.177419 8020.862432 1
79.353064 472.332139 8028.223671 10
127.477742 529.270604 8051.807547 10
135.727130 473.708034 8066.698081 7
260.579432 338.225307 8071.338358 5
210.985427 308.799732 8089.003454 8
124.958489 488.816373 8090.723614 10
228.147246 317.811351 8113.372704 3
165.686724 514.788598 8113.885649 9
226.330016 463.631717 8139.425946 8
103.511324 357.611258 8181.273778 7
93.555184 346.218107 8184.992266 8
170.842809 288.071566 8191.124799 7
118.733973 486.424190 8199.713394 7
69.305062 477.942992 8218.773516 5
252.619873 438.339175 8236.533910 1
239.153293 336.450414 8237.176787 6
90.334604 385.903472 8270.945968 1
212.810098 471.461398 8282.784650 7
92.770950 427.246680 8285.949369 2
200.590145 332.563017 8312.528240 10
129.404602 501.514963 8312.940993 3
151.289499 329.224704 8345.412823 8
123.863755 306.020644 8361.257927 9
280.921520 295.350025 8363.359499 1
170.767134 304.745098 8365.725215 7
276.049431 499.328064 8369.234247 5
74.322610 438.038878 8370.641196 3
246.748064 446.614536 8372.876720 2
76.162496 457.018294 8382.339127 7
89.113830 379.897379 8389.596195 9
214.496150 335.681414 8399.822046 9
183.680916 309.033107 8417.397022 2
157.115316 496.772094 8418.846579 1
184.199424 307.488050 8450.193178 1
232.526307 475.249297 8455.471115 9
82.934555 462.632630 8465.967974 2
107.357167 326.512911 8509.980159 10
83.658402 413.668910 8517.969117 5
90.712441 479.876960 8521.010427 5
272.284881 466.398662 8532.080048 10
204.514854 325.308819 8543.242009 2
145.787838 487.314515 8551.858135 4
273.813990 416.089850 8553.539947 8
182.547544 296.754956 8554.836994 4
267.819477 423.050818 8590.680508 10
150.584196 488.337540 8611.928065 1
185.687549 346.344243 8616.414310 4
235.612184 466.870820 8625.698156 6
116.837623 328.037244 8626.886592 3
184.766869 509.770270 8637.823196 4
81.817837 393.355137 8641.895169 7
142.798091 344.936678 8664.970549 9
145.201861 517.304080 8672.837316 10
131.988702 313.187188 8689.829805 6
268.325685 352.964459 8707.758769 10
143.438687 348.375896 8711.016625 2
58.550159 427.056302 8712.271916 8
304.884811 394.259549 8718.510828 2
87.223631 443.694071 8731.049555 5
208.250800 302.505611 8748.202469 2
204.521842 512.588906 8763.984543 7
91.089798 350.015334 8770.340959 8
175.154034 528.212736 8783.841389 3
57.649212 431.808589 8785.160552 2
254.954000 456.708365 8792.239168 8
177.950731 517.960585 8799.721682 10
232.197191 514.421943 8800.937340 6
236.702280 426.216535 8806.955569 7
219.779915 322.600872 8810.168853 6
152.991113 332.147497 8811.484611 7
230.764179 314.515365 8837.841484 1
110.363205 302.009068 8840.446023 6
72.813079 460.253662 8844.669945 1
192.177288 480.856800 8868.878219 5
228.949027 490.674983 8872.504246 1
238.133862 306.672552 8883.844941 4
181.351243 317.250086 8886.996880 4
104.361408 407.429622 8901.865271 7
127.873139 514.557050 8903.690371 6
202.926038 498.033307 8905.664995 7
229.552396 349.363071 8914.327949 4
122.752070 337.902334 8916.315532 10
192.647318 522.611186 8930.536090 4
202.247335 274.413286 8931.922900 4
54.454834 409.619717 8956.570975 4
274.899610 410.791251 8964.403312 10
179.818691 301.687713 8966.330201 3
85.997679 487.394360 8969.666909 2
100.314611 452.836223 8972.593659 2
255.231451 443.864582 9010.168666 9
204.417288 308.367264 9013.544957 6
277.621284 381.310374 9036.888880 1
94.275883 350.418173 9040.006223 6
84.588598 348.663915 9045.594714 4
159.213656 492.502369 9051.250721 4
163.798101 301.810534 9069.332596 8
87.914891 446.379966 9090.927821 5
250.963099 332.919672 9092.790389 5
262.995853 493.042848 9098.576549 6
193.515397 301.841733 9111.416245 6
274.454147 321.307284 9112.349683 4
232.587029 478.640280 9164.075628 6
225.394531 309.886887 9168.957792 3
133.487317 310.835649 9183.609954 5
75.764617 367.887499 9185.516664 2
66.409576 401.679361 9220.034097 8
213.975979 306.329148 9228.804626 10
92.291971 328.364798 9230.491548 5
182.485450 333.524225 9243.856661 4
181.424646 507.947855 9258.559532 5
160.351732 323.974269 9260.725412 7
103.164427 444.185964 9262.348394 10
261.063262 407.592970 9273.272506 7
152.347395 498.938559 9278.433242 8
268.732219 355.973164 9285.448074 4
243.994875 385.150721 9289.587194 8
89.581061 447.890196 9309.425706 1
77.657584 365.123553 9313.744014 2
204.067999 339.788041 9315.512237 5
155.966611 320.993677 9316.528736 10
191.393629 280.285427 9322.302730 6
136.433736 463.524338 9328.043824 7
98.722083 415.366041 9328.172707 10
178.054806 500.123769 9336.502188 2
227.342377 438.260172 9355.252803 8
267.135116 407.129580 9372.276976 3
221.819680 456.825588 9372.663530 9
139.735719 501.801680 9374.080202 10
97.855643 340.843131 9378.944832 5
218.546992 499.556619 9382.344070 6
214.976303 324.162771 9389.722762 5
123.676911 485.908275 9393.964465 7
91.745491 399.146706 9394.203862 2
188.380032 348.945263 9415.255347 7
222.188604 338.943339 9431.919670 6
215.568097 308.977295 9438.108090 7
258.361949 481.151711 9441.545885 8
252.451753 321.573309 9459.934027 6
182.178883 302.339344 9500.198434 1
66.539390 428.515140 9503.645111 7
240.764105 327.113209 9508.720006 5
236.685268 422.648053 9515.732093 1
85.309781 320.970569 9517.658416 4
238.966424 361.811225 9532.994015 7
256.604928 496.585133 9536.113728 5
77.332881 450.699903 9536.691735 8
138.608071 344.893373 9557.471577 7
133.816869 485.378862 9557.676271 3
175.115587 527.414658 9578.945230 7
238.793843 500.473930 9581.307065 10
256.409844 383.735129 9584.863984 1
251.339632 463.512286 9585.459146 6
270.436249 361.160401 9590.216307 9
269.912535 381.256251 9593.442260 4
64.392355 391.171135 9604.645541 3
93.728699 451.247685 9613.204017 7
130.291404 473.264084 9619.347527 10
219.869301 517.131323 9635.783977 6
115.472081 355.756261 9645.527644 9
112.897940 324.512240 9684.222820 3
170.393855 318.490720 9720.517814 4
166.914978 509.818907 9732.696768 10
74.424695 324.190968 9742.003557 7
89.257456 377.337950 9751.212417 5
206.224291 504.386452 9757.048108 2
180.442348 505.969995 9760.286057 6
226.175317 491.482988 9760.657363 10
104.503804 427.927643 9761.015769 3
218.683308 484.830262 9763.652252 4
159.481078 504.684275 9767.133073 5
143.763537 307.570396 9800.501773 2
192.000815 512.519368 9833.595826 1
194.940933 488.889487 9834.539988 10
270.178165 445.055921 9839.452735 10
151.925257 517.298389 9848.213666 8
172.560397 497.093270 9863.961696 4
73.893839 395.903735 9887.349123 9
55.022727 421.052778 9905.925475 5
124.009373 311.363159 9926.976094 7
89.982023 357.503918 9940.197583 5
106.205831 333.751974 9949.323522 8
108.875707 330.267494 9957.193107 10
262.825351 389.488662 9965.435636 1
208.038144 483.455492 9970.099059 9
93.615057 476.699479 9973.126656 3
220.635847 498.715201 9984.499638 2
270.339135 475.523113 9986.142896 9
179.878604 292.226015 9990.008554 1
103.405292 383.806402 9999.567176 4
