100 1000
627.526813 262.871092
539.766311 869.786422
666.491714 294.629927
524.182599 242.305596
502.152645 930.847194
660.487331 304.382227
645.314988 273.247196
513.061250 954.919687
652.619945 280.086502
652.653536 265.739458
746.808657 148.748129
648.270070 279.500731
516.839641 922.077935
702.781554 262.463337
529.410115 958.077510
526.998922 998.314362
553.038353 883.305548
524.948727 953.760753
646.046777 280.794086
507.194796 958.119150
611.523788 351.011538
637.185054 222.126933
707.799682 336.711818
684.783912 315.372889
503.304745 915.715046
586.373580 288.711225
521.715229 950.467296
521.324651 950.950512
669.811190 246.814304
657.280168 249.284219
529.545384 950.359464
650.147774 245.576310
483.765515 980.192071
644.943178 262.622457
595.558586 854.585551
651.823929 373.951796
650.546111 255.711533
669.728325 228.917655
660.649615 275.304352
602.523598 254.429958
489.855444 929.421227
478.759939 908.001186
621.977506 228.680853
535.484778 946.867078
530.435695 931.321654
693.845461 174.885491
646.237885 275.393333
646.856391 283.087082
542.726998 833.824678
649.287105 278.061823
704.107289 310.468174
712.938708 226.077568
654.102160 276.898145
510.197844 962.291600
612.309390 285.965507
647.738471 274.212651
559.521367 1030.249391
647.738736 268.172678
526.779878 943.686288
663.746720 239.824637
540.680212 961.415135
663.861153 295.736507
660.302125 253.624172
544.765672 977.400148
438.328787 924.998038
545.292185 956.368227
518.386525 952.491880
635.651862 982.561635
564.166594 964.677314
463.255318 910.832764
715.316073 251.399268
518.992195 966.737842
527.791880 956.372236
517.820106 950.065391
561.998518 962.870760
550.424535 982.606913
535.862395 959.205423
538.199553 921.275643
535.729506 989.242644
640.434486 278.037586
636.806549 296.350927
640.300362 282.796131
512.885670 929.576924
609.467652 298.518284
505.422126 879.655248
627.579011 1075.925307
680.217087 306.548445
628.517725 208.970029
620.235318 258.249021
469.583301 934.643932
642.865324 261.699305
529.858147 943.843989
680.082101 280.651697
640.018626 314.814428
520.265328 946.074145
544.179034 1034.751241
649.267996 312.602489
618.935955 270.133402
641.268949 240.077689
632.001841 414.248475
583.252349 982.813607 8.338853 4
454.581360 964.924712 22.678239 2
537.119097 969.298159 27.982982 3
501.038699 922.542193 35.615080 3
534.479736 961.547967 52.425080 4
564.382303 179.803393 53.712684 2
633.987843 226.545981 62.079606 2
515.616291 963.958399 69.464996 5
443.904626 1001.219739 82.373347 3
503.728595 918.955021 102.688155 2
620.501819 284.014648 110.068720 4
631.842012 296.640735 120.969709 9
509.982801 982.210619 126.965166 4
659.306527 286.936984 127.816666 9
486.383393 977.335107 145.885005 8
547.190720 989.571717 149.232866 9
690.557424 238.828857 164.203010 5
612.970467 925.256209 165.189363 1
522.792899 950.537427 194.550864 10
671.391733 298.298820 197.278325 1
521.160281 956.330130 202.523099 1
487.742600 972.851437 203.972647 7
494.285160 949.223464 268.072619 3
525.314181 952.149574 268.899779 9
553.081452 921.162237 284.794677 4
657.153404 299.911542 284.914195 5
514.728954 935.607734 293.584006 5
542.653681 206.459009 305.651138 10
504.846395 1044.632822 352.277658 8
627.056647 267.126468 384.336342 1
532.505126 955.777615 387.787904 6
530.972238 959.665571 398.535717 10
605.947729 253.205347 421.759672 4
518.811726 998.297112 431.248644 10
488.151417 1027.455173 434.240161 8
630.482157 313.557473 447.888387 5
609.845075 167.386335 454.917337 2
521.444507 935.299277 469.566410 6
642.063565 288.874650 487.323901 5
708.512654 350.581288 493.121767 5
631.678693 435.013635 495.785333 8
522.153396 969.927704 510.861201 10
621.119703 286.393407 514.909252 9
540.631576 965.796150 525.836117 9
628.581560 900.879967 529.715114 5
638.802171 277.557882 554.907709 7
670.287752 374.252669 583.684507 4
719.518508 273.458196 583.829166 2
653.269043 249.018843 590.697446 4
640.402537 294.219992 594.156643 3
664.255888 330.859212 599.158341 3
496.016545 990.530126 609.879998 8
527.754403 964.516226 647.591082 5
635.533578 256.533857 656.782720 8
636.953128 382.801565 682.474643 10
546.378377 916.527627 687.274120 10
532.534853 948.194413 697.279925 3
676.574680 288.349885 697.600998 9
616.003928 960.631983 715.788046 4
592.323053 307.547208 717.342582 3
605.696264 296.410597 723.889645 1
612.233152 295.197737 744.712547 7
480.990016 911.703468 773.051657 3
528.920285 959.050531 777.541844 5
501.553024 994.408275 792.079846 4
559.452785 998.159540 797.238372 2
656.273953 252.136537 798.864222 1
492.604471 924.739449 802.404993 3
753.356130 267.121275 803.487658 9
477.874342 968.355216 804.248693 6
563.354908 251.424038 841.588799 3
684.732876 267.974525 877.440269 9
485.486843 985.818311 885.052999 10
532.439097 915.753108 893.661468 6
608.124492 285.717191 911.966711 9
626.877507 254.012327 913.542208 5
603.280206 235.692817 941.285448 2
512.466304 937.728505 980.339990 2
647.521604 279.804558 981.827939 1
658.840245 239.731412 987.274886 8
588.526169 222.405484 995.391124 6
642.230785 276.509717 999.940867 4
517.648168 907.775398 1010.660231 7
620.482382 351.138583 1021.750022 7
658.624854 291.164164 1023.487209 9
650.558943 292.207344 1041.378132 7
477.985838 999.389999 1043.148413 4
654.544473 272.471049 1051.890730 3
709.248088 276.490206 1054.970862 9
625.239394 261.909029 1072.418061 4
630.583837 269.376902 1081.999821 6
607.316547 279.328507 1095.595371 4
617.737426 329.135284 1125.288298 4
530.751294 943.535998 1128.997652 2
724.396985 121.645227 1129.095769 3
636.817967 270.382687 1132.237146 9
532.733304 949.654326 1149.759014 7
629.813766 235.820855 1155.074704 3
624.494893 319.552592 1157.863026 4
530.115659 956.547877 1200.463257 4
483.310371 971.608891 1217.382113 8
535.782131 906.067606 1261.719280 7
671.720389 265.252783 1277.438738 1
512.991486 926.369858 1277.897470 1
647.482834 254.977237 1285.659480 8
646.274098 317.751338 1290.094184 7
533.845668 954.388998 1299.737720 2
634.463243 277.329135 1333.985263 1
674.047162 134.600275 1339.696079 1
541.812758 973.470663 1356.966334 3
650.325122 279.248799 1367.142730 6
651.453754 217.414668 1369.724023 2
650.108347 287.987169 1403.322248 5
523.264445 959.934095 1408.741446 1
517.694688 886.209590 1416.105704 3
540.459054 959.656690 1438.806376 9
650.747387 268.926000 1440.858135 5
640.624487 223.115225 1442.317127 6
533.195258 928.976351 1445.398347 7
641.362661 276.537676 1446.341183 7
586.654760 227.999623 1460.622613 10
650.868721 291.522050 1463.040902 2
588.794010 1000.264120 1470.939972 4
494.397479 927.778057 1484.729769 4
676.237462 281.308469 1489.242286 3
560.998935 271.656034 1489.533698 10
563.566339 234.278352 1522.882526 2
645.527741 275.756765 1545.870308 7
644.052636 280.931513 1556.636478 2
643.140279 263.672413 1576.501580 6
630.035863 254.476667 1586.943956 2
660.974714 277.551092 1611.288250 6
485.008673 980.075143 1615.792802 2
557.868289 1044.078538 1649.209800 7
627.318884 297.240894 1657.510292 1
527.752235 997.756750 1662.786186 3
496.529300 949.234928 1673.664448 5
517.546645 955.835661 1689.567172 9
644.013994 286.554646 1731.283243 5
471.914863 987.740304 1732.426754 6
526.842820 1022.634365 1734.883813 8
509.811783 925.739839 1742.899878 5
582.490338 1023.001281 1765.680623 6
488.901839 956.762840 1775.790452 3
600.601733 972.501456 1780.805447 4
568.109112 1035.863366 1788.328637 9
445.339760 883.654474 1793.258448 4
618.808251 284.202394 1793.739949 3
551.708893 254.853765 1810.184008 1
630.667207 249.014770 1814.456171 8
494.881732 998.447867 1818.279788 7
514.478862 941.694068 1824.457304 6
654.230178 270.901029 1839.000769 3
629.390829 271.374401 1846.280017 8
522.497625 950.322511 1846.475764 10
644.603525 282.903427 1874.175125 2
526.947536 880.267863 1898.503885 8
612.193464 323.856202 1909.742172 10
545.968099 900.591895 1910.114190 6
656.690055 198.538771 1921.425787 7
531.872490 949.333662 1933.662153 1
663.527178 305.469338 1949.893748 9
600.676250 980.743887 1959.730576 4
522.301164 956.316938 1962.535892 5
641.341025 274.170297 1993.721831 2
628.424271 245.926165 2034.009436 3
612.394617 256.772753 2051.952358 10
428.132203 935.516086 2060.238090 9
654.701648 286.411649 2084.595565 6
541.540072 954.211434 2086.232810 10
668.433936 276.007444 2086.562066 3
654.671753 285.087879 2111.799180 7
645.622883 943.328587 2128.214080 9
469.646781 875.616567 2132.766443 5
463.396629 929.352832 2156.086487 3
518.782511 1016.130220 2176.645295 10
617.496648 249.927202 2180.213425 8
648.861470 223.769901 2189.804426 9
750.348747 286.102668 2193.228016 7
691.528669 324.723654 2204.575810 8
643.189739 290.646937 2213.536615 5
643.208651 277.425005 2215.472116 9
631.889822 256.607984 2217.758290 1
590.765409 227.063826 2233.077275 5
626.426276 276.471468 2253.290673 3
667.137014 247.796559 2259.372112 1
742.654465 289.548877 2261.538239 5
643.026501 277.469228 2286.425744 4
624.568703 279.788784 2300.825460 3
626.769487 282.933470 2304.549262 3
641.165551 264.069675 2310.292479 8
641.644933 259.440540 2314.825963 4
512.150126 947.240840 2315.274418 3
665.180077 248.871844 2326.281791 10
642.645060 275.847039 2337.655828 2
612.992037 294.829905 2338.267176 6
527.571814 947.505007 2338.869581 7
676.652129 258.794192 2339.652004 6
650.805848 305.523399 2350.458745 6
505.891015 947.056187 2357.779168 8
620.957415 262.216853 2364.462078 9
510.026232 951.554157 2364.942486 6
653.380832 248.336394 2368.379263 10
492.806656 950.397268 2371.700070 5
512.502155 954.755207 2382.427554 4
601.096868 278.630572 2383.968186 6
563.643860 978.257674 2397.201321 3
530.312044 992.182047 2427.525419 1
529.100994 926.588694 2430.646970 3
386.862258 916.254901 2453.616022 5
516.165273 954.701662 2456.126849 10
546.133575 950.279653 2464.185987 5
595.962088 930.625433 2471.526786 3
644.350302 275.874347 2475.828681 9
515.265331 980.072292 2476.084990 1
432.005327 965.786454 2476.338489 9
629.239971 257.548440 2478.692954 8
502.962162 946.020190 2493.295891 7
534.798253 946.854886 2501.447753 8
501.573502 937.812569 2503.680539 7
647.827242 308.738063 2507.571585 7
405.665351 1021.015039 2517.806291 8
515.844055 952.780207 2539.345501 3
563.403295 967.340828 2553.023410 6
648.026478 290.752245 2559.120307 3
525.720052 957.637524 2566.173909 6
515.018602 931.013193 2576.975319 6
622.748290 220.295986 2581.981768 2
508.954187 923.187199 2593.351066 1
504.238868 965.081453 2610.035696 9
622.225296 1016.176486 2612.186748 1
666.955916 189.046141 2614.635880 9
481.421789 952.251589 2617.678726 10
657.125194 183.090629 2632.064795 6
639.646361 254.294509 2633.247320 7
725.667946 266.541652 2634.364789 3
725.223778 270.013042 2648.307493 2
534.749456 932.699173 2650.833403 8
703.962370 204.798573 2654.391072 3
547.153357 975.613736 2663.591987 2
679.821049 269.460271 2663.965297 1
639.982591 946.222848 2664.937251 10
460.851808 984.384332 2679.321840 4
544.238186 977.074546 2689.588875 4
522.050941 951.193465 2690.127546 1
538.971956 926.194127 2700.654912 4
500.513006 959.654771 2703.014062 2
665.146277 261.538319 2703.815620 1
502.014443 979.080260 2711.167195 7
565.794528 911.305880 2722.463910 2
603.745022 237.701208 2728.883535 7
638.021203 280.717002 2732.326506 6
518.543610 993.251117 2746.454510 3
519.013316 920.608296 2780.190507 8
658.770764 270.506205 2788.465955 5
533.446919 958.022876 2789.104908 4
435.179391 956.637248 2792.752807 8
690.540349 224.732932 2795.727322 9
497.404121 930.563974 2798.888044 3
524.497152 952.891842 2801.469072 3
521.686833 947.212721 2836.843583 2
510.923354 963.244637 2839.178506 7
651.975224 291.981093 2844.440196 6
533.888679 981.863016 2844.941408 4
520.283560 996.611698 2858.808323 8
634.941316 214.701701 2862.927492 9
424.906366 881.372261 2862.983990 6
507.780291 933.937769 2868.503262 6
657.443670 290.551398 2878.810939 2
645.016551 250.775831 2887.989942 9
534.376954 939.274651 2905.490265 3
596.598005 261.488343 2921.146822 9
646.472431 266.733362 2925.412818 9
562.621343 1001.732797 2929.158176 5
503.590091 944.655664 2936.286492 9
629.508251 279.968556 2954.640359 7
618.606918 280.001874 2972.804212 3
573.109367 360.417252 2977.419685 2
676.398940 235.982160 2982.803875 7
562.280928 942.301233 2986.689178 1
638.710275 401.735961 2993.367679 5
628.741763 275.610925 3007.062424 5
485.929139 920.273381 3016.078169 6
512.354701 954.776570 3035.154330 1
534.191540 926.551105 3064.697541 1
492.554527 956.436315 3065.384099 9
640.682702 291.204089 3074.659302 1
630.889034 217.250548 3094.881165 6
476.726862 931.920449 3096.649339 5
606.871064 390.201084 3105.806394 9
627.094828 252.850865 3113.165725 10
626.822712 290.812581 3127.073525 4
521.854824 949.769544 3134.606999 1
663.584035 269.965266 3158.766851 2
578.663801 1004.049609 3175.460989 10
660.924278 218.528525 3191.005598 5
544.505176 964.995766 3192.013871 1
646.584378 283.609991 3195.347681 4
591.747688 926.870289 3202.871378 10
632.459934 228.694981 3203.671632 2
500.518592 977.596356 3206.141072 9
635.277059 284.005328 3210.505281 6
676.257558 230.441685 3211.592513 1
638.273351 253.227777 3213.349443 9
636.800168 335.689633 3215.232126 2
553.154327 903.830866 3215.807245 8
552.967821 921.038416 3216.247053 5
492.608258 877.530820 3218.200382 7
660.602068 264.711617 3222.692260 7
503.211142 971.816321 3232.068332 2
519.104424 901.453624 3238.292948 8
507.891943 983.602437 3243.308579 8
538.987317 968.314257 3247.951481 6
619.647946 347.401214 3266.841484 9
517.825161 967.976655 3270.224860 10
639.773291 256.463951 3285.330131 10
527.782274 983.413220 3299.528905 9
586.352395 247.408493 3301.809140 5
562.207733 292.705065 3306.931799 2
664.720812 307.719955 3322.227088 5
615.883490 224.307374 3330.822234 4
523.988643 979.491239 3338.086881 8
520.174601 960.701189 3342.162108 10
528.008610 926.434742 3351.445431 3
490.839475 885.242037 3361.471210 10
547.769788 951.435480 3365.067854 6
507.747198 938.213268 3371.172026 4
554.942873 956.445818 3391.748543 7
520.752915 928.684123 3392.834116 3
677.692806 314.240263 3405.882587 3
570.191519 950.596443 3421.434761 10
596.083907 301.845942 3444.502741 1
614.782676 304.309664 3452.490577 3
622.142443 266.009363 3480.844687 3
563.236880 935.687325 3488.231215 8
522.868708 946.406165 3506.743913 1
530.910791 935.691376 3507.922795 9
542.330860 917.809365 3518.694480 1
527.017910 940.387276 3549.970068 3
540.562029 889.213108 3567.835120 9
647.155528 276.214776 3568.655435 6
523.218612 1049.749983 3568.663101 6
642.138442 292.994760 3574.204623 8
609.698754 272.518323 3586.135949 7
455.824269 946.027425 3592.806385 1
515.234179 935.764228 3607.005821 5
461.607886 895.845946 3609.164471 9
604.875248 280.563560 3638.961911 8
553.478407 911.048453 3646.738855 5
523.019270 912.273666 3659.269527 9
563.499687 981.941621 3667.860400 3
524.004176 954.565623 3675.095821 3
685.737531 289.471423 3677.940376 9
638.824198 265.490450 3714.028867 3
642.264557 275.107376 3729.455657 3
647.823561 278.348353 3736.631627 10
526.074925 991.384224 3749.529467 2
639.627075 368.690036 3751.123493 9
554.098023 256.011080 3752.258371 2
670.821971 233.154492 3758.020174 4
686.023550 299.751823 3784.052777 3
641.602054 293.608749 3786.867342 3
522.050744 952.639958 3787.294775 10
697.940283 300.923898 3793.414144 3
519.220244 986.052000 3800.660920 7
631.187110 277.955271 3814.198163 5
583.983673 935.063370 3823.812910 4
615.431549 277.823787 3824.431582 8
652.205449 270.093616 3825.680566 7
668.810623 292.039654 3826.696032 9
549.977082 971.309231 3827.468446 10
656.946229 269.916138 3838.363266 8
540.110547 949.763229 3844.653807 9
559.267886 896.810588 3847.551906 6
552.536660 1027.225551 3848.002989 10
508.915557 939.561858 3851.892494 2
483.253131 899.774698 3872.185921 4
620.989950 309.780678 3875.889129 6
546.546149 927.763032 3878.095110 5
710.101622 247.493975 3904.639753 4
381.186507 916.431837 3913.947701 2
538.466270 973.389852 3920.846696 9
650.242821 262.992624 3932.836613 6
534.840616 953.989493 3977.862816 7
518.351209 925.527795 3979.999733 1
670.342298 344.055044 3985.672249 6
622.185157 916.383979 3986.259556 5
427.474929 957.061441 4007.721826 6
626.995522 272.840421 4018.546768 7
616.850986 279.172713 4023.193329 7
641.857354 276.492117 4025.331317 1
641.934995 270.446895 4025.620869 1
527.764977 1082.856200 4026.259970 2
563.676006 255.771566 4039.027417 1
536.028354 979.971951 4051.630987 10
493.167447 959.004392 4057.493909 5
552.084563 948.352292 4058.043006 7
663.803213 256.745732 4072.033030 10
743.408038 249.340438 4073.587682 4
632.640564 1001.586514 4096.695873 10
665.665624 241.500454 4100.875428 6
481.274680 1001.360874 4127.341763 5
480.826986 943.239014 4135.849794 1
664.270223 288.073638 4143.451341 6
589.605888 288.884062 4150.058611 10
498.140670 920.075251 4159.814638 1
701.103231 283.569212 4161.982868 1
522.266713 949.320189 4171.626151 1
547.344090 903.032578 4187.861790 1
517.514320 918.968599 4208.973285 7
628.492266 284.901399 4218.011141 10
597.564848 349.373998 4221.536057 6
508.164883 959.139310 4225.120543 9
480.930106 952.384778 4228.362798 3
647.101106 278.591615 4236.668617 2
525.307989 238.185930 4246.646471 10
493.344167 939.728634 4285.260563 9
734.475199 258.933422 4348.318260 7
682.815057 262.398498 4354.515745 2
632.337380 265.158738 4354.632750 9
540.052971 954.536010 4362.275882 6
509.247213 1005.352730 4382.421430 6
521.804915 943.774496 4393.844376 4
531.313875 930.193419 4423.182320 9
673.261778 237.554434 4423.397593 7
644.117015 232.894842 4427.150842 4
643.655571 259.469183 4438.526246 1
651.465438 299.044776 4457.928094 7
591.943849 282.362094 4464.896081 10
518.558448 960.685573 4484.975856 1
544.327413 922.511108 4487.176975 1
516.348844 948.879558 4489.129193 2
593.051786 318.347076 4499.155439 4
575.379240 914.015324 4499.679510 3
605.318771 211.182170 4520.640237 5
638.626562 295.359676 4527.885726 3
654.266369 268.099402 4530.861518 8
630.146922 261.304544 4542.742358 9
545.951867 975.879391 4546.291069 6
551.491694 936.902345 4547.866700 8
612.792228 262.808951 4560.013201 1
712.680998 359.694859 4572.276308 10
668.408909 254.289391 4589.025352 6
536.197080 945.199119 4608.465870 6
611.382746 268.291446 4615.824929 2
640.392032 277.410071 4616.528094 4
624.974779 906.970351 4620.848876 1
550.724199 1001.292616 4624.464242 3
647.401970 235.435484 4652.000967 4
523.480724 947.573287 4661.578095 9
687.599596 297.736140 4663.141320 10
599.814764 236.338525 4667.237826 6
505.720815 951.745291 4668.802008 7
544.159312 973.835872 4677.926480 6
638.581136 289.621755 4702.675528 4
583.767758 268.144850 4703.628267 10
517.221328 969.143897 4716.216511 9
480.522751 939.914199 4718.141408 1
586.155467 1043.094581 4751.738725 8
711.947967 250.433397 4752.155384 4
568.544712 230.470533 4757.780088 2
658.575024 242.123713 4760.269925 7
667.914431 233.816747 4774.358757 9
635.734037 297.385019 4785.908988 6
643.460685 275.522411 4791.157402 8
519.467135 958.526452 4792.510594 9
661.132419 282.969466 4792.883201 3
638.075982 286.190090 4794.292191 7
524.121718 949.907894 4811.911577 2
727.912800 367.735644 4822.166068 2
558.169423 233.896408 4833.702105 4
490.699543 921.502496 4840.112174 3
502.536125 947.712689 4842.049759 5
441.589113 912.800893 4870.858714 2
507.877768 948.411941 4895.065788 3
675.235537 260.467971 4902.393389 6
556.489515 1008.093381 4909.558255 7
659.420737 215.551825 4913.601479 10
513.950535 916.507515 4920.719624 6
641.547532 305.785804 4924.266921 5
639.890497 260.310213 4925.866910 7
597.727993 263.908192 4930.898819 9
521.874082 949.628121 4936.736838 2
522.802296 938.676015 4957.720295 9
526.899570 914.619752 4961.169628 8
394.817663 959.938527 4971.678924 10
528.810043 960.133659 4978.477198 1
491.404402 974.546443 4989.113352 6
504.104678 951.976090 5004.223267 7
626.560713 285.735453 5015.867574 10
564.953637 1019.353332 5040.526604 7
529.197861 953.591651 5055.117008 7
653.300862 205.512408 5065.188271 9
568.812716 1020.867495 5072.433225 1
497.292201 968.181492 5079.947634 9
630.091481 343.879859 5082.561316 10
605.547857 220.588959 5082.919805 4
616.522777 273.826567 5094.203860 5
491.661281 955.672748 5102.733192 2
520.693424 947.831302 5108.582837 2
493.188545 987.926729 5108.904644 5
644.588495 933.531501 5124.173437 4
567.601482 943.719003 5129.864169 3
502.018768 953.652092 5135.049332 3
578.812586 312.505631 5151.640723 10
632.520216 294.842005 5152.274731 7
620.214970 297.170140 5176.703468 10
641.966081 280.640487 5218.236372 5
638.497562 274.077891 5242.833835 7
693.505997 287.183328 5257.816872 7
456.787847 924.239042 5259.910403 4
558.358570 293.892438 5277.900565 9
522.619217 950.461057 5304.121389 4
515.658583 956.042865 5317.214859 6
523.056373 952.174745 5355.227338 9
552.507822 1021.279930 5385.774568 5
526.067840 927.391123 5455.843052 1
675.881817 249.191948 5470.108249 9
646.657317 286.416111 5483.888969 10
688.875698 238.980106 5490.086195 5
526.475890 845.617315 5499.848517 10
606.462053 281.900340 5520.275410 2
580.148390 282.781770 5523.720818 1
684.236402 382.775094 5529.570821 4
621.863993 335.912606 5543.772488 4
548.131467 954.610192 5553.109573 8
600.906487 262.488974 5557.244371 8
602.134943 357.445679 5559.206402 4
590.518281 310.813101 5564.674335 5
562.626516 927.200728 5567.584554 10
485.339793 967.584406 5610.847397 1
651.436546 282.369279 5615.450655 9
657.941729 180.704020 5615.491073 1
612.882398 276.440368 5621.090215 10
526.205575 946.337862 5639.375455 5
501.452835 899.453736 5656.175179 1
637.296539 258.781036 5659.013556 4
645.534641 199.468134 5667.106805 6
637.264357 908.969369 5703.021737 4
509.541040 966.464057 5740.040649 9
640.466311 276.254097 5749.035496 4
638.508784 234.022399 5758.808246 7
658.303116 268.333365 5794.891567 3
513.316283 901.154925 5803.004171 3
540.398517 973.190097 5813.089669 4
518.253854 953.307507 5815.556802 3
514.259097 919.298611 5816.466308 9
644.123308 262.159807 5816.640681 6
444.595642 913.940446 5823.577169 7
651.105298 283.047760 5832.784094 7
664.297244 302.624034 5835.662323 7
513.836926 939.118518 5849.155120 9
544.445691 927.179001 5872.405966 6
507.523627 960.677852 5873.695907 5
527.936819 963.701826 5893.574770 2
522.224808 983.472622 5895.260277 2
597.577373 396.406872 5897.116938 7
523.121727 963.848880 5900.566783 9
623.515488 277.715411 5905.482886 3
619.131985 267.888584 5907.232441 7
618.884565 258.118233 5908.956585 7
675.345343 232.213313 5927.489452 10
634.574199 183.107455 5938.622941 9
592.171998 309.873317 5947.635876 3
625.600585 330.589012 5949.669452 4
565.371405 964.913512 5960.026529 2
641.342993 278.589751 5967.674016 4
573.862046 984.403367 5975.335676 10
555.803163 976.923089 5976.856390 5
593.232487 946.528991 5984.987237 6
504.210790 941.229553 6001.037925 8
522.909006 949.853037 6004.177866 10
534.793786 934.762369 6011.164772 2
698.303340 327.899705 6016.232931 9
577.071882 871.107391 6025.219057 8
496.880809 872.823527 6029.669572 2
613.746534 312.449985 6031.539118 2
477.672839 961.583139 6037.349780 3
637.408591 279.053111 6039.801838 5
506.077859 931.940019 6047.586562 8
672.506434 302.882966 6049.433759 9
593.910673 325.358712 6052.690502 8
512.633432 986.799480 6057.100397 2
644.270460 267.161731 6071.979584 7
566.052484 933.766960 6107.404698 7
532.628138 955.025155 6117.668110 6
637.626255 278.664303 6121.741332 8
546.266666 1000.748173 6134.707475 8
587.747680 298.161955 6206.360564 3
639.601948 276.433146 6206.526702 3
589.479658 889.054636 6213.916452 7
636.224581 333.963477 6214.433531 2
620.749532 315.054735 6221.441557 9
526.874817 894.663062 6225.517802 9
654.245277 284.801369 6252.586356 7
695.355897 247.953070 6268.904452 4
608.462228 937.945828 6278.939079 7
653.733854 282.358126 6281.780180 8
624.057200 298.703417 6295.452087 4
538.220651 992.508754 6298.115258 6
527.904530 899.809244 6326.455046 3
653.857471 262.805109 6328.988957 6
700.458461 226.511112 6344.765675 9
495.089581 981.544806 6355.575801 8
656.807609 286.043416 6360.567229 7
707.883088 248.933179 6371.955231 7
531.942836 949.475445 6373.639702 3
603.483820 929.605842 6386.165822 2
434.632152 937.752706 6389.354341 9
534.504215 950.360881 6391.348860 6
528.263254 295.303532 6397.088088 3
554.371858 900.436105 6400.490107 9
639.043327 274.232126 6408.011120 7
507.880992 999.709504 6408.639334 1
645.602091 277.699897 6414.890894 1
651.528093 344.097903 6417.394693 3
526.640355 948.571974 6425.881986 1
773.304372 233.458975 6443.533803 2
674.978520 297.158702 6459.646716 5
639.413308 278.920741 6467.193502 2
530.676222 948.131587 6473.071150 9
636.301745 240.027749 6488.153709 9
570.188685 260.516404 6499.551078 5
471.502525 889.998986 6502.559806 10
650.179254 271.712499 6512.346039 10
687.084462 249.523188 6523.164079 5
590.433872 942.367908 6532.105898 3
708.991772 339.461486 6533.109592 5
566.761291 264.970652 6533.769261 10
612.226475 257.267218 6534.288513 2
494.730396 989.481770 6545.890086 6
511.729577 951.536310 6557.855306 9
608.892302 245.135753 6580.537737 10
656.502961 283.862205 6587.387239 2
520.361149 911.649438 6600.784352 4
625.153464 344.757409 6604.894365 6
692.615554 301.478136 6610.290123 3
560.223229 945.077402 6611.155284 10
520.194175 942.770775 6620.171605 9
490.500538 961.041278 6631.669280 5
569.829182 910.123880 6652.599242 10
582.835062 270.440674 6657.398726 4
528.981721 947.673053 6665.751048 6
572.600629 937.442771 6669.647858 9
562.346451 961.313427 6669.687550 7
522.730841 947.343495 6671.713177 7
643.168968 277.304315 6679.156405 8
516.372005 945.811282 6696.625563 5
643.597943 330.387352 6699.959151 2
522.518203 951.087050 6721.636438 7
609.272436 322.424193 6731.655981 9
560.268567 1006.694699 6732.001042 10
522.175269 949.979976 6732.606628 7
604.412077 862.673872 6751.671917 4
536.294501 964.587174 6754.397731 2
642.200372 298.416595 6757.115924 2
643.404613 271.126182 6798.352930 7
642.176218 280.571021 6804.185782 2
533.623595 866.582345 6834.888450 6
573.079210 347.108974 6835.815655 10
507.340586 968.525233 6839.981690 7
521.396472 955.010071 6847.625458 6
555.952478 972.861575 6849.365843 2
522.094315 882.741012 6853.449279 7
581.114837 250.946724 6855.200849 7
499.576039 959.989818 6891.609926 3
660.502976 265.269394 6902.422623 8
654.551393 280.172840 6908.350537 7
639.167220 290.518268 6913.914909 6
636.874941 249.306930 6923.560030 2
621.498144 247.085824 6931.967711 3
508.068368 939.973321 6934.889988 7
546.955916 969.243990 6935.139248 9
645.180166 206.109056 6937.627337 9
597.883263 1009.888379 6942.903217 3
552.917626 931.257620 6946.447266 5
543.001801 226.518693 6967.068828 8
445.309397 1010.866040 7005.902226 9
616.071306 952.540372 7034.610798 4
659.313854 239.663563 7038.622142 8
557.784871 976.130919 7064.271167 6
521.144639 952.960161 7070.152220 1
644.411310 281.716782 7104.562444 2
655.790121 217.114466 7107.338712 6
661.451303 258.352455 7134.260608 1
636.642349 253.541874 7135.359018 6
637.651152 306.106784 7151.462699 10
687.669584 300.860110 7177.307976 9
510.947939 947.305167 7180.663799 1
679.622732 275.565831 7185.649749 1
696.022053 426.464060 7189.014448 4
671.100775 255.234080 7204.739988 1
616.578311 283.459247 7230.902210 10
669.660062 236.586379 7242.894775 3
638.593125 308.137100 7243.651679 7
524.237380 944.973329 7257.453252 1
654.072322 292.239789 7269.318988 8
595.659604 284.528761 7278.316769 9
542.924319 906.632799 7292.363708 8
514.031014 896.916701 7301.062921 8
560.391865 944.163065 7353.065185 2
468.752124 969.852084 7368.685670 8
638.563641 225.780815 7378.925925 10
572.814611 215.586271 7380.758640 8
617.461978 303.518661 7381.768934 6
646.007334 292.056683 7396.321581 7
621.821388 178.778170 7411.964278 7
525.932682 950.906859 7415.991299 10
500.335067 914.564527 7448.407725 8
391.950724 887.190420 7462.447123 5
455.705817 881.605535 7464.573336 1
583.797377 264.145360 7464.685653 5
515.995995 950.026153 7465.410427 3
639.643760 252.334403 7466.661326 4
523.299132 946.423584 7466.937145 7
599.806247 216.131312 7472.896851 10
622.584522 287.787984 7477.553801 9
690.792728 310.159296 7490.896016 2
523.679937 950.465257 7508.907438 1
400.815526 1055.577007 7512.981766 5
534.158761 953.166748 7513.039814 3
652.089551 254.643058 7519.494808 4
514.741411 873.316809 7527.399699 10
535.000900 973.234355 7545.057301 10
648.694470 323.889250 7556.854058 8
477.212812 990.130356 7565.515211 8
542.857152 948.426934 7579.943584 5
530.750269 953.366220 7580.251562 8
516.939043 962.873854 7590.469736 9
480.569530 957.227489 7595.117179 6
642.436332 279.577299 7600.003311 6
605.116738 266.608416 7620.400862 6
672.775586 296.437482 7629.400066 4
613.418542 235.230560 7647.232703 9
443.357484 961.976937 7666.470677 9
699.692617 229.599873 7678.977749 9
516.372221 930.479031 7698.488090 1
528.284332 941.924337 7706.044333 2
631.503473 267.807920 7713.129786 7
506.523336 900.338637 7728.192137 10
521.511192 942.274135 7731.697707 2
598.293001 291.178875 7734.543993 7
656.478076 282.306370 7735.125385 8
502.792721 968.772671 7744.843838 10
649.879923 286.814798 7760.957138 6
462.033950 909.712685 7763.342177 7
625.101901 246.792708 7777.504140 3
523.614436 951.097656 7782.479834 6
524.477008 921.430589 7800.127886 8
529.102195 976.495483 7804.142036 3
533.151704 948.841196 7805.913977 9
516.008216 1033.012377 7821.235352 2
654.584807 313.760723 7829.706833 7
589.296812 954.643858 7832.223373 2
540.110625 965.973236 7839.375103 2
506.365121 1004.815081 7871.493543 3
513.608316 969.144786 7908.096580 8
642.144380 275.074575 7911.916492 4
519.402362 963.773485 7914.186654 8
665.851445 253.877135 7942.647849 1
703.023185 280.369078 7949.883431 3
528.041778 989.176145 7951.640391 4
655.562375 263.802326 7972.131239 2
542.774692 1003.111686 7981.387570 8
681.266668 102.920868 7989.507816 10
482.324350 910.809297 7991.260152 10
517.305891 873.906530 7997.495141 8
539.700051 949.858293 8006.555779 10
632.283772 316.747320 8026.534211 10
622.166972 430.370495 8096.979454 8
659.810999 362.403867 8097.268837 5
561.411155 921.904648 8097.474708 8
661.636244 296.203611 8100.248193 3
585.322987 939.498305 8101.194060 1
708.661556 260.592945 8101.832862 9
567.645296 991.619382 8105.663440 2
591.075045 974.647002 8105.989826 9
471.858456 1002.557054 8113.454009 3
644.459835 244.697125 8115.041057 6
538.113093 217.562253 8120.930398 7
693.948289 360.914958 8121.175349 5
488.804641 1041.921177 8121.452223 3
511.318175 960.050000 8137.667659 10
440.432206 1012.657142 8141.539478 7
458.092834 949.336861 8142.204410 1
499.697338 959.489858 8152.157953 5
584.897327 167.610841 8155.881802 7
654.305353 290.996667 8158.528554 10
653.259959 297.245636 8171.901420 4
501.852410 337.595044 8175.956940 3
526.173034 936.372035 8194.173889 6
512.208446 987.054910 8207.457137 9
661.740074 293.126573 8221.461254 5
603.542578 284.171753 8227.657775 8
514.719520 982.848923 8229.638844 5
506.133163 931.151410 8231.191584 7
586.854861 934.286733 8231.919261 2
703.129471 282.610343 8237.370661 10
502.569029 983.471124 8251.673708 3
721.948428 186.142412 8251.743943 6
648.910541 246.474177 8271.844642 10
532.379095 947.206275 8291.352658 8
577.720951 970.534956 8298.444443 6
708.805657 273.879123 8316.313126 10
568.257562 946.754759 8340.778271 4
612.021044 289.459225 8358.012871 2
627.205667 211.304831 8364.291570 10
668.739986 262.907961 8369.348805 2
727.580023 255.936343 8370.488922 9
628.471896 288.847597 8384.559189 2
551.789168 906.644938 8387.523606 3
618.747171 260.173942 8398.137969 5
497.650854 971.693143 8399.537370 1
652.910988 176.838691 8401.370048 5
514.137470 945.564775 8415.314394 4
527.902284 949.617042 8417.400553 10
709.557719 205.077694 8418.640958 7
509.376840 947.716867 8420.102091 3
703.718892 267.012701 8430.349452 3
729.477706 249.825150 8434.996124 9
689.935085 306.630493 8440.316472 1
515.201035 950.083735 8440.544459 8
626.699792 271.447151 8447.686291 6
519.097048 957.098990 8455.975840 1
453.717004 1001.543311 8466.412241 8
616.475369 195.628798 8471.538223 8
589.291641 953.166658 8475.560901 9
520.028908 1002.778642 8482.515817 5
632.045747 367.980372 8489.935474 6
509.746719 969.468557 8522.428624 7
723.460221 203.365585 8523.593916 4
432.126320 962.171693 8530.179453 1
641.028716 280.716514 8541.999632 3
474.505666 948.615755 8543.942276 5
449.712726 936.594014 8583.837600 10
637.617943 293.380185 8593.538136 8
486.653654 956.869833 8599.569032 2
522.567862 950.339138 8618.238995 10
708.356028 303.286973 8621.828854 1
554.967961 935.314228 8635.475067 3
589.174865 918.633771 8644.327600 3
624.967968 950.835122 8649.309686 1
723.738594 266.182491 8654.782147 8
536.836362 943.657611 8655.503472 7
607.096385 256.028891 8658.178007 1
517.733603 971.120762 8663.059333 5
710.274184 287.615790 8663.137672 10
555.358337 930.213940 8675.794376 10
707.315563 223.622897 8677.575767 8
524.358079 1004.823446 8679.072650 8
571.008757 958.489126 8685.243084 8
514.987286 967.552636 8695.186429 7
538.388219 1003.983178 8695.968114 3
679.828457 274.132489 8701.334711 3
527.450516 990.754414 8714.071117 2
672.548496 365.006979 8726.444557 10
518.878426 895.750102 8728.267606 8
661.812604 314.393774 8730.942971 10
656.729191 224.185602 8744.798283 4
452.327751 942.461609 8746.452126 3
721.618313 231.455887 8748.013016 3
548.938403 958.424661 8749.698779 2
385.615494 965.351752 8767.646623 4
655.748194 250.229723 8769.162268 4
544.044276 975.099403 8772.691281 1
443.989538 976.206454 8775.251357 5
504.581690 967.309702 8788.575150 2
520.931440 943.501529 8791.724901 2
527.223952 948.466352 8791.900936 9
488.040263 1068.891369 8830.774091 5
676.887086 265.218571 8842.046524 4
625.793692 984.521794 8847.042089 1
523.524457 949.623188 8859.983035 7
651.173856 333.094665 8869.290441 7
610.717372 298.493917 8875.829333 1
517.888978 957.204356 8887.805939 2
558.484711 218.930124 8897.647251 2
585.482389 833.347552 8899.692279 9
679.601991 253.371693 8900.232092 9
643.869480 359.796061 8904.937835 8
592.927528 309.866341 8905.298036 3
479.912431 924.828952 8930.967149 7
687.339344 256.855691 8938.243670 5
576.484860 986.713774 8940.492448 6
616.736895 232.428467 8962.265022 8
641.991643 276.169662 8967.437918 1
659.522021 283.463419 8987.209760 8
558.969218 906.740643 8990.582420 7
495.332292 964.363831 8996.908595 6
645.851353 312.703211 9040.749851 4
686.487772 305.896949 9044.573546 8
500.696491 983.951854 9049.424349 4
578.055266 967.156124 9050.861430 7
510.681614 849.793738 9060.910645 3
631.602874 287.868615 9062.804123 9
528.594952 956.261737 9063.730533 10
502.467270 941.194799 9079.453105 3
675.835320 218.909340 9085.315647 9
525.071920 946.783493 9085.827180 10
499.993744 943.507559 9086.742292 10
590.422970 308.705467 9089.887526 1
657.828303 351.187020 9110.701925 3
437.514246 976.289442 9115.601620 5
761.480472 309.211677 9131.937315 6
633.403924 273.968177 9137.410755 2
647.918090 313.345133 9140.053431 8
603.072862 268.429613 9143.637838 9
632.766840 273.596364 9166.669352 2
515.425674 957.661836 9174.984114 3
644.407421 261.907044 9209.695438 2
481.660643 973.664064 9232.875385 1
588.439887 221.339554 9236.263776 6
519.670650 964.951823 9251.623225 6
519.232421 842.199152 9255.556454 5
519.378806 953.846895 9264.381087 7
462.922488 988.687678 9267.400219 2
495.103953 941.893848 9285.465170 2
593.947064 258.577793 9287.550782 4
685.325071 364.976083 9295.629648 2
646.741659 255.525519 9311.393653 1
631.858956 254.681656 9324.245066 5
523.320271 940.888103 9328.361862 10
532.804279 935.327241 9337.711889 3
557.107257 941.826292 9338.089988 10
715.210843 244.701886 9355.374814 8
613.432312 269.145670 9361.518212 6
648.248312 242.927395 9365.211624 1
527.399941 948.513370 9370.612499 8
527.756176 944.426306 9386.075733 4
517.844663 929.983688 9386.619670 10
665.517584 223.067583 9395.903905 2
628.833150 283.607966 9396.379314 5
492.983201 976.941689 9397.164467 2
631.254578 255.743514 9419.725899 10
565.682924 988.429589 9424.098616 10
490.470019 240.779827 9424.443728 9
704.915289 303.649727 9426.255961 4
518.900126 948.236674 9433.789697 4
623.469662 263.240656 9440.430203 1
550.897708 933.003710 9444.495741 7
550.594555 1038.621933 9444.535835 8
543.626807 875.335871 9444.680127 5
641.929364 276.073366 9456.979030 6
541.648548 871.476561 9457.313697 9
609.777558 338.048027 9460.782167 7
625.716026 304.942148 9475.326116 4
531.001267 938.724623 9482.535489 3
525.092123 949.184784 9488.520657 6
511.006655 950.412203 9500.855444 5
733.252072 202.896917 9504.687089 1
687.440032 266.852900 9524.194219 9
529.107475 929.661507 9528.266893 7
649.729892 270.414195 9538.979735 6
518.280754 945.428577 9584.557486 2
604.390356 234.841880 9586.475011 4
602.457829 936.550831 9594.321714 4
535.359969 943.223610 9602.989388 10
556.911115 1017.105273 9618.958308 5
541.639791 1006.360340 9621.804661 1
597.574616 916.491158 9624.979291 7
465.118983 929.004959 9639.859975 7
525.763840 921.018382 9659.825500 9
641.238257 239.965983 9664.020074 2
581.661079 965.308385 9679.983402 5
632.497239 232.112057 9683.935088 1
652.542871 333.643116 9687.675105 5
667.894801 296.836583 9692.024133 1
679.727269 243.596964 9702.133651 3
511.073851 951.142784 9707.842362 3
628.799001 248.032106 9710.521991 5
515.058022 958.510948 9724.550875 3
638.106283 160.525686 9726.930530 1
703.501395 288.109517 9745.110937 10
621.826025 258.173054 9757.717013 6
658.126564 279.063894 9761.897842 5
516.248750 938.805135 9791.257937 4
578.915010 222.247010 9796.017535 5
646.064863 269.006403 9809.637862 5
511.745455 976.134394 9822.721365 7
538.115815 952.690958 9828.430057 2
489.381840 988.227839 9831.124262 6
691.196973 294.910312 9837.694939 9
560.778915 221.140405 9839.079588 9
582.473939 365.184661 9861.880934 7
594.127283 266.632214 9866.862543 7
461.524238 1006.554111 9883.272739 8
664.096168 343.894204 9884.216425 4
522.234028 949.754189 9889.206488 1
551.109984 1036.610922 9895.606013 8
413.499919 960.462170 9905.617625 7
651.665218 279.556898 9906.479140 8
732.295474 333.247761 9934.994202 1
520.425094 1003.644394 9956.805881 10
555.058842 974.086754 9968.519477 5
620.759348 272.953836 9968.726982 4
644.009035 293.490111 9976.034100 7
593.287605 954.491039 9976.733488 3
428.124907 902.394979 9990.173457 8
641.895619 255.046680 9995.957668 7
618.276829 294.527330 9999.697246 2
