100 1000
840.346595 226.828567
304.265803 386.509977
570.374254 723.800740
17.611702 900.713108
836.046978 29.201855
43.889678 192.790391
103.580105 980.491000
520.163996 778.623635
958.620181 540.919458
208.271360 3.376975
131.752704 215.417689
771.250622 163.784370
331.982908 714.282228
436.434714 85.954737
35.070485 302.803332
690.621492 193.027250
722.232341 381.419587
329.497306 656.579157
319.609815 103.680852
266.495325 441.509187
750.030398 258.246489
995.528297 926.189665
575.975609 216.340882
497.543033 308.001069
686.300975 477.533837
682.602327 188.932335
859.135442 234.408364
167.207186 576.751820
819.521383 420.624141
300.830269 34.322742
102.738676 907.079895
876.139521 862.958204
632.889247 867.323360
884.148388 15.280695
431.201485 846.052958
8.537042 898.871813
279.646227 733.500253
292.646964 354.067438
482.839513 673.678200
558.158559 867.574733
94.839652 915.924559
706.219940 518.157234
107.328913 756.866287
989.802445 241.454631
131.803457 13.875098
710.316224 748.074150
50.777332 921.280207
562.027233 832.411034
961.639579 947.049316
24.574716 869.225399
491.686094 790.344562
786.896045 10.823672
223.980997 739.305052
175.123607 969.762582
541.084548 643.603052
952.526219 300.314364
667.317989 987.766468
661.325549 776.501970
70.118275 938.955237
884.225381 805.333520
667.168389 786.824650
417.749963 810.935182
478.371944 893.304059
369.995112 178.602692
460.373453 126.564638
622.153501 657.361259
266.208413 766.145148
926.183726 85.444303
583.800466 35.150014
150.250178 925.171899
524.405161 740.629394
829.068945 372.029809
255.733322 984.696125
228.052245 737.320443
704.369260 546.629793
588.152337 394.577555
688.232248 330.163452
82.563149 827.006353
282.212319 220.344011
286.946079 216.531647
568.744237 800.802194
641.603743 574.606280
179.966523 644.963849
467.033928 630.753010
199.244950 313.679328
583.553099 566.882903
57.222930 766.942839
481.187220 213.753861
31.193840 628.819558
287.785082 510.502946
836.473515 632.393120
491.317308 869.006941
584.583375 615.491177
486.582004 581.895350
75.438042 638.143174
537.045747 566.360695
989.363804 149.168185
669.306597 545.481243
49.656967 641.987363
350.673358 234.591584
726.602798 80.058840 15.306655 5
79.873831 37.819001 22.420675 4
185.271481 223.097488 45.059108 9
320.443022 469.510629 47.452777 8
237.541905 312.677155 68.502996 6
596.661115 939.804697 100.897454 10
663.626664 932.579516 111.352536 1
608.052135 956.380273 116.491573 5
18.427745 44.285771 134.045881 6
412.143182 229.874686 137.122573 8
561.864428 553.894112 176.315261 7
1.011481 634.448952 182.248394 6
62.809308 488.987019 182.405141 8
794.243120 465.262227 183.813890 5
561.608626 578.541677 195.481624 6
269.884163 517.053641 197.662496 2
124.837427 725.668246 201.781556 1
27.237584 481.428792 202.253633 7
317.999651 381.060232 204.760677 10
713.065297 635.483932 207.990045 1
239.074532 98.309376 211.199545 8
810.976388 588.196478 229.451315 10
574.873793 121.325646 239.217015 3
919.890632 189.983155 241.056218 1
657.999654 192.617017 246.043620 7
265.686346 836.924790 254.630386 10
910.326963 762.479664 278.940846 10
672.413714 33.839014 286.641508 3
429.920830 497.161117 290.350881 2
746.133193 712.264629 299.177510 2
882.557225 87.599981 303.057558 7
282.543958 362.763861 306.368087 7
61.316324 449.689110 306.685480 3
452.074740 82.308286 329.314110 1
304.864607 849.412798 334.860442 2
403.230006 225.420796 359.598915 6
128.971729 506.327320 376.684417 7
542.842616 458.819145 382.102547 3
877.279180 214.161217 385.294000 4
37.709461 696.446056 388.262914 3
296.012626 87.634148 404.508913 4
34.949316 501.446283 411.611682 1
293.758123 159.828654 429.991643 4
286.937751 288.651349 431.078428 9
448.066594 648.805485 437.452229 6
420.590654 606.551032 441.757342 2
172.155742 269.510897 444.441991 6
113.938012 532.227242 453.448967 5
269.253988 666.112511 455.586118 10
172.076626 45.779890 463.369885 8
888.491855 452.380860 464.035105 8
677.686293 448.421268 484.559582 3
742.191677 328.621902 486.795978 5
430.661828 355.513731 495.410449 4
565.434821 309.263215 497.758850 4
30.711512 994.099739 506.562234 1
357.257684 216.607375 518.480565 8
394.427563 935.871175 520.647216 6
853.242511 236.748505 532.513055 2
183.614122 236.511782 549.281467 5
815.063092 668.410673 574.069659 10
703.695550 296.793548 575.585350 3
692.011782 355.439740 630.414952 3
807.244450 137.549406 634.034514 7
798.879451 11.029143 636.037948 9
619.576761 493.144716 640.657120 2
429.863858 226.030802 643.616479 4
243.017327 637.804300 645.326112 2
907.676757 389.946329 653.252178 1
537.680662 842.854776 663.686265 1
884.220180 988.728689 666.313076 5
965.133705 530.651313 698.400480 6
360.456410 126.591727 705.634107 7
19.926773 874.667454 727.836720 9
732.316362 786.799874 728.261899 9
724.576090 871.859849 731.883444 5
35.581810 236.905400 737.958972 4
387.622892 661.559375 746.716129 2
154.148152 659.688239 746.942340 9
451.103681 296.436214 748.898023 10
103.207240 461.958547 761.642722 4
487.542064 57.028834 766.578161 3
995.120678 989.759465 803.592020 1
670.732525 465.044193 804.057418 4
530.939150 817.609093 806.291377 3
446.656499 442.220022 809.003883 6
541.522079 191.353086 809.336810 3
923.551511 101.717520 827.144705 8
433.916951 713.166270 835.757165 7
750.917510 407.459829 843.509771 1
830.277542 291.733723 859.604614 7
908.490364 763.568263 863.012473 5
855.111821 871.379958 894.424615 6
899.162423 439.219257 924.689146 8
384.264899 133.788215 929.630262 2
911.431459 546.388625 942.859862 6
378.521341 283.385497 953.734362 4
170.502988 981.456446 964.792017 6
29.613831 239.356693 980.409931 2
499.582108 839.164488 991.026522 5
241.875752 139.974693 1001.633739 9
387.097856 535.911534 1002.055849 10
779.251448 358.030738 1007.275531 1
969.636141 295.251561 1012.039122 3
561.466244 15.486570 1025.138398 4
78.386236 207.061406 1026.619583 10
947.842822 912.973505 1029.354463 2
455.515371 134.449095 1066.135188 8
395.559214 242.266170 1068.224509 3
524.716580 717.754703 1068.340224 5
890.384983 890.827946 1068.721736 4
302.924074 687.868346 1072.754002 5
900.658100 622.275888 1073.872967 7
845.043068 94.564076 1090.991140 9
110.465669 151.544595 1097.336904 3
684.275654 285.730351 1131.242199 10
477.403488 442.554736 1146.959041 5
652.878081 993.230235 1153.491866 10
753.078817 888.834722 1173.875179 10
257.879158 66.088929 1176.038272 8
511.273520 663.954066 1193.147487 3
716.747887 666.845798 1193.155914 2
217.699330 694.813488 1196.115767 2
630.061391 941.922274 1207.341571 8
885.030070 493.355856 1210.812397 8
994.342376 59.307593 1215.800361 2
89.877195 194.229730 1219.342391 6
965.966015 883.657002 1227.016732 5
93.761294 631.324459 1232.273223 9
638.711377 768.020460 1242.363578 10
967.643438 633.292921 1267.386059 7
819.730315 171.878168 1270.998628 7
812.367753 769.422643 1279.801077 7
537.621967 277.032518 1295.858159 6
981.534979 119.265391 1308.143288 2
801.481240 582.570295 1313.942539 6
700.942869 171.442986 1339.688433 6
294.330527 566.954655 1346.332497 7
215.630844 917.776075 1351.036592 3
25.251385 876.227323 1368.003217 10
904.342296 207.104994 1371.381478 6
218.545460 432.565689 1377.724260 9
400.083685 2.017872 1381.845163 8
12.273492 441.529800 1385.262778 7
20.667412 672.995837 1385.332834 10
165.193324 674.943116 1401.725430 4
946.458382 574.041293 1403.943479 1
80.995249 567.553924 1411.692372 5
874.759679 149.583826 1418.405920 1
670.629245 741.351250 1430.078551 10
91.409936 327.826777 1433.835565 3
57.608126 547.915034 1438.070255 3
78.667916 729.350915 1440.775105 7
60.609136 150.569404 1447.918619 6
41.626847 176.456492 1461.409787 8
656.543968 849.621621 1473.063180 4
333.426199 961.278453 1474.105193 1
109.208227 83.544670 1491.934645 6
513.547293 905.821734 1499.666623 8
253.387100 567.062970 1503.538419 6
712.637480 821.419365 1506.671116 9
686.169232 453.173857 1515.736806 2
56.753223 6.012701 1526.167185 3
979.653547 785.631436 1537.274968 7
687.867415 228.893519 1542.971433 4
53.597951 657.913526 1565.016141 4
549.475694 874.081824 1575.745337 2
809.628561 395.179626 1575.994656 4
674.538540 609.023623 1578.590602 9
154.844276 936.907521 1595.713091 6
612.957721 306.374708 1600.850314 2
309.888562 294.705288 1612.958035 7
324.523111 643.327914 1630.615518 4
32.015414 595.506068 1652.645927 5
853.761067 245.057588 1658.252546 7
502.865360 29.026587 1668.767652 8
549.487625 652.684920 1672.995645 4
389.351185 193.423009 1689.580633 8
974.775611 700.205159 1691.574083 10
117.766609 529.007387 1700.426264 10
222.351122 574.465676 1754.045955 7
357.285223 702.135419 1759.633215 4
149.012981 438.220654 1780.931862 7
931.826152 62.372141 1784.524241 5
582.357991 619.875756 1784.543735 1
223.606251 214.890391 1800.927505 6
498.263308 283.902418 1835.983585 5
108.375938 182.582430 1837.546226 8
41.726505 637.727176 1856.361661 4
919.777801 216.145908 1864.121913 9
396.471364 706.529134 1865.280928 10
436.457755 904.097597 1868.363348 10
775.437331 687.343718 1872.715387 4
983.931420 614.967031 1886.872513 9
895.131694 277.921495 1904.284586 2
296.926474 629.005898 1933.442487 5
575.423703 266.287394 1959.344525 8
108.452994 346.435092 1981.116366 10
213.745598 226.838919 1981.568776 4
525.768088 789.080150 2012.653640 2
790.030945 731.843800 2038.419386 5
522.755899 79.439187 2043.803856 8
770.222584 504.859490 2060.621978 1
451.017981 115.319313 2069.809038 7
383.159928 539.152359 2079.275788 5
824.141130 664.228778 2081.484175 8
387.430905 765.356608 2084.335112 6
392.742408 343.503901 2104.237749 9
116.911155 205.026309 2104.530929 10
939.524666 593.513719 2107.645019 2
404.937488 983.874880 2107.727273 10
637.740256 388.851471 2118.321606 7
590.565973 283.541800 2127.487115 8
149.889294 682.880377 2182.317978 5
765.731614 746.039055 2192.336763 9
121.233485 817.630154 2196.097468 9
455.861429 767.603216 2196.994353 4
554.483774 113.091037 2197.718092 3
520.823560 127.417337 2216.547472 10
17.877553 484.381683 2219.096421 2
628.673441 982.894268 2239.492363 5
899.380175 401.913119 2264.034327 2
796.358186 338.508613 2268.894943 3
334.242768 714.235358 2268.908527 3
990.679377 610.006592 2276.363074 7
366.650019 297.595152 2278.159965 8
736.308284 192.026691 2278.479761 4
72.596285 148.187338 2282.148120 10
849.567222 242.464479 2282.714864 3
543.354278 62.163614 2303.843542 2
242.109735 486.728994 2311.083100 8
38.769698 958.447327 2318.327712 6
593.728975 827.760725 2324.778875 6
918.905802 750.413506 2336.245479 3
714.532555 504.816223 2375.589540 9
41.262896 308.321207 2381.257200 10
559.265288 212.807661 2397.976190 7
133.320861 281.065495 2411.983314 5
111.031015 776.587542 2415.101233 4
549.751201 709.816640 2420.809732 2
379.511034 815.630112 2431.650137 2
970.901812 586.915339 2447.288523 1
806.652071 705.700649 2451.375733 10
840.447593 478.653365 2456.797193 8
971.444167 224.120020 2467.036403 4
905.427861 523.524821 2478.547293 6
386.474132 172.033948 2496.024702 9
577.436344 224.285446 2503.627632 1
525.476496 752.790952 2510.605009 9
186.534226 704.604328 2517.102191 7
946.973837 908.058925 2521.447472 10
207.006214 590.062589 2527.191323 4
459.014902 691.439592 2533.270505 6
306.396385 119.011446 2540.326070 2
434.803367 505.087735 2556.690029 9
515.382027 189.200684 2558.081610 4
290.064944 595.812361 2587.028975 8
871.878462 666.915585 2597.529019 6
805.836607 892.760348 2617.747436 6
909.870606 98.315374 2639.596874 10
360.262671 281.738494 2640.274129 10
282.302563 780.376361 2654.094451 8
309.357409 276.863439 2670.978800 4
287.996062 364.630025 2704.450593 9
910.028315 217.742256 2714.208147 4
667.754167 176.305469 2719.522611 2
414.138991 793.266403 2720.079834 1
926.686359 934.518870 2728.358702 8
11.510547 243.164606 2743.357176 1
622.220091 248.644395 2766.626645 6
758.894411 258.582326 2769.859657 1
278.139961 298.180524 2770.156979 7
304.733808 809.672200 2811.569959 4
213.660217 160.029446 2812.615808 2
964.237871 406.077560 2818.607478 3
156.139048 156.551848 2827.264225 6
275.519525 26.758809 2843.149922 7
516.877950 52.298175 2857.313495 8
667.424903 900.040159 2862.964476 7
226.288444 133.506014 2919.956331 1
886.032094 66.037803 2920.456601 10
371.983686 776.158585 2935.175307 2
194.244770 299.418191 2938.668260 5
3.218803 46.189354 2940.015306 5
942.529090 720.362422 2940.867328 4
763.200613 374.727074 2941.594448 10
757.206450 867.337968 2946.562852 3
143.831238 553.909201 2955.967540 10
931.354197 762.136350 3000.886238 2
584.799543 342.141061 3016.429204 6
882.800827 150.949754 3047.684193 1
796.922414 904.165669 3051.770216 1
866.523685 533.231597 3054.425435 1
48.707501 529.255359 3070.820440 3
355.067380 240.966233 3070.947587 2
693.801644 739.837169 3104.278415 8
388.261722 376.020861 3123.864533 1
377.859149 980.099378 3127.745518 4
357.671026 289.955890 3137.960084 8
89.604594 151.037875 3143.619234 7
467.242511 146.230583 3143.768615 6
250.822121 569.453495 3147.496297 9
402.536581 542.476440 3151.165190 10
396.123303 762.978932 3157.096483 1
620.205486 452.202541 3163.106049 1
497.363220 703.589414 3167.327695 1
345.412951 121.487027 3167.711341 10
766.354745 519.154708 3186.927127 2
258.826011 358.487956 3187.998692 8
331.109182 166.236145 3194.412125 6
551.504880 483.351923 3211.011567 9
836.301825 183.041855 3213.445636 7
644.401871 444.577682 3228.784099 6
579.504070 790.327025 3229.529192 7
458.944845 545.016080 3252.121715 7
504.225481 32.834113 3267.255232 6
203.276551 391.116002 3301.968837 9
338.043934 338.216976 3304.618162 10
533.323567 977.922816 3341.391550 5
340.753385 166.946234 3349.619837 9
652.718790 751.177650 3360.057055 7
235.024415 563.962612 3390.829507 1
841.083350 787.879176 3397.261311 6
250.272174 278.172130 3401.121974 8
756.634277 219.564045 3413.576221 4
87.378760 112.861411 3449.463961 9
801.332904 682.740035 3449.835966 3
729.589149 645.475039 3458.491893 3
83.618318 219.583314 3486.124569 3
224.741097 172.415061 3511.641286 7
906.982608 517.561501 3527.605335 3
60.957145 893.450193 3543.489432 9
163.613190 807.992629 3551.700652 3
569.643343 526.930753 3553.370966 5
233.349797 406.301819 3563.671289 5
606.233105 475.993247 3573.695310 3
865.425514 411.785581 3597.722664 2
779.462867 467.910073 3611.764383 2
209.943247 106.443227 3612.745734 4
571.777969 372.083450 3625.066436 2
416.334811 676.153608 3632.237323 1
8.019437 22.326915 3640.394858 3
447.813473 423.717645 3644.898602 2
599.419061 480.873805 3649.925094 2
974.720478 741.109014 3664.027478 3
638.568051 194.515550 3664.307819 4
407.456130 828.012536 3673.748709 2
392.067716 768.077070 3690.534007 4
66.860609 931.425561 3716.988771 7
468.643288 268.096795 3727.405385 4
484.757982 359.497114 3739.569397 7
905.351388 154.529849 3743.223848 5
912.553159 809.682663 3747.262614 5
904.807807 798.805519 3748.811531 7
57.692032 837.206342 3761.815045 4
283.357195 123.288266 3765.622884 8
750.320940 839.934060 3783.871150 2
826.430079 128.624017 3785.560794 2
16.496625 623.800369 3790.850065 9
645.492522 541.738718 3826.260313 3
790.689051 429.587419 3829.237880 1
244.291947 315.915038 3829.399741 2
445.082219 326.955838 3854.775976 2
457.458978 211.609111 3863.838949 4
609.135096 196.590700 3864.577550 3
174.278527 911.970412 3867.765348 7
115.052847 294.042069 3875.985198 6
39.659507 812.464912 3884.845087 1
240.491516 3.739284 3913.854093 8
41.753143 579.515604 3923.135916 7
551.752901 549.465232 3934.091192 9
722.706408 577.890039 3959.405767 4
301.393196 703.607939 3966.336732 7
691.350847 616.106291 3968.651001 7
839.094935 917.177226 3970.555716 3
261.870885 40.154284 3996.248313 4
67.420860 146.199759 4003.108409 4
745.577771 874.669243 4003.526102 5
225.285676 963.013426 4013.858040 3
76.347157 154.260742 4024.470925 9
514.369824 531.102819 4043.392120 2
326.877141 679.533477 4046.762561 3
959.406322 117.521308 4060.714935 4
969.300968 791.167693 4066.849501 2
798.591945 868.338412 4068.992802 9
603.337552 404.149573 4076.029081 5
376.941304 169.338410 4080.452894 9
333.197668 766.105646 4082.817297 8
599.148717 78.711707 4086.622703 6
989.921078 195.221369 4094.720499 4
314.737832 132.488454 4101.061045 5
481.059662 630.036710 4105.066643 2
67.627115 19.264443 4116.006574 5
122.148317 321.287632 4119.200045 1
990.986423 422.814930 4120.534091 8
102.905300 127.011987 4133.025946 3
425.977398 859.620404 4136.045522 1
284.537889 443.268071 4137.054210 1
774.388505 73.758336 4171.173585 2
271.813172 11.946702 4174.908412 5
130.083188 429.213504 4197.173655 3
289.150267 43.083221 4201.934829 6
117.346431 446.355224 4211.968554 4
750.858047 843.464902 4223.769070 7
349.004408 277.624198 4226.082948 4
363.301103 562.084699 4228.130116 8
507.601517 912.926705 4261.638276 9
541.008577 842.377871 4262.003232 7
289.303429 361.383252 4262.252044 7
110.568668 364.824555 4263.474876 8
489.204419 791.966942 4265.584031 4
553.335513 963.974229 4269.314953 9
590.308858 14.046298 4282.454163 10
717.681393 600.989513 4283.748845 4
982.757723 716.210918 4291.872957 5
267.403932 806.908922 4293.713868 5
888.222482 433.659397 4299.587842 9
557.837609 482.685818 4301.849823 2
510.246472 614.224851 4307.654883 2
484.755629 446.447463 4310.830799 8
156.356227 91.376625 4311.660090 1
864.165705 724.935752 4317.702984 9
678.313191 375.169731 4318.966162 9
757.897977 791.155848 4320.949712 5
157.245346 778.290362 4337.060607 10
756.850831 726.203439 4338.576308 2
242.372074 346.459726 4340.100094 2
900.900126 268.380130 4340.307070 3
558.802695 680.502839 4351.585846 7
167.019821 982.302058 4357.373461 10
455.474151 971.056373 4365.509448 6
436.992853 550.367959 4379.491646 2
930.385464 521.874829 4394.352122 6
894.632545 900.590298 4394.607559 9
812.816668 931.076145 4396.590707 7
323.679322 783.892546 4408.071561 7
882.479826 989.016542 4424.970923 7
177.503267 650.425060 4475.587218 7
100.400565 965.858573 4479.095236 6
736.347404 963.394541 4494.507577 2
886.185411 323.457361 4521.521027 4
311.619499 429.069884 4526.579513 3
908.185494 337.419280 4527.439910 3
31.497986 790.632075 4535.286538 7
289.492301 35.057685 4535.740459 1
561.354931 360.192462 4548.187908 10
554.676574 479.174655 4552.756273 6
716.862406 88.408144 4569.017636 6
50.611844 477.878191 4572.193443 8
490.634326 148.878962 4578.889789 5
710.922036 890.567951 4624.696281 1
540.261551 188.959018 4636.298106 5
295.751549 824.260115 4636.311031 3
947.932781 805.169298 4638.912712 6
164.752363 528.512885 4644.339041 10
247.737424 702.790837 4645.451469 6
722.685134 942.966029 4663.847407 5
845.871622 110.374173 4694.466532 5
867.748632 927.953738 4696.005316 3
668.107654 503.615638 4701.088640 2
960.253050 703.792823 4707.997725 3
736.395387 250.875431 4714.966663 5
31.708121 373.361048 4739.271547 3
35.820111 382.842265 4739.990989 9
886.406917 490.149002 4764.869550 10
942.123026 261.053341 4770.486617 4
0.936280 803.433419 4796.603492 3
42.890331 253.059635 4838.327784 10
246.306736 103.783051 4844.514634 5
413.445306 792.289413 4856.562201 2
964.927851 926.567061 4863.653062 4
447.542304 341.555237 4877.604539 3
346.210034 172.398827 4880.703106 4
767.268950 743.200495 4922.895714 10
134.374153 796.953124 4938.186038 8
217.825034 740.597074 4967.189704 1
68.136775 994.194154 4984.851459 10
60.074671 117.383124 4986.300507 1
488.567190 668.813688 4996.574183 8
154.378637 457.460118 4998.931868 4
568.335018 999.018965 5000.104201 3
869.591174 588.935587 5009.854131 10
835.434704 108.093330 5023.652463 4
318.586548 692.496323 5028.535779 7
378.596777 817.662787 5031.287266 7
176.010235 481.013817 5048.999073 1
380.287105 470.946873 5058.771580 3
437.880451 835.602988 5059.795445 6
943.209780 187.402144 5072.605143 10
7.331530 916.199622 5079.904771 9
97.562075 342.004433 5086.262116 3
297.351551 268.778271 5086.279418 2
606.020328 352.598307 5089.945054 7
194.941778 166.580642 5099.682213 7
998.647182 247.422688 5100.833238 5
104.716624 865.246669 5126.303217 1
563.763366 849.929450 5136.923120 6
830.443983 469.308935 5138.255738 4
21.292127 632.380552 5158.513222 10
579.908490 652.083564 5160.504443 5
212.384140 228.310119 5161.410608 8
798.849864 285.081361 5170.218957 5
302.951965 15.654908 5188.998609 1
101.205610 305.196359 5211.336768 6
909.021461 288.499555 5215.122645 8
785.689198 145.769583 5216.628698 9
635.635061 996.699290 5236.876554 10
399.830210 467.001704 5246.649558 4
939.377816 523.129773 5247.335817 8
490.954474 384.217487 5263.601077 5
43.460966 319.992427 5271.981571 4
774.661471 814.182057 5272.393014 8
283.038053 30.025711 5273.969878 4
487.937330 557.783321 5276.094528 9
699.848872 965.939936 5276.762210 6
837.720301 35.296060 5285.938091 1
252.122376 146.435952 5294.898600 2
337.009320 953.517873 5305.911025 7
173.141378 839.486700 5314.024899 7
585.120600 556.850321 5325.755986 1
643.669868 52.998512 5337.720888 10
3.535074 719.095192 5344.277722 1
637.874571 292.513325 5360.910948 8
393.448871 920.010381 5370.666354 2
652.346470 630.374495 5371.702494 10
997.478374 983.350179 5379.426381 6
610.774472 980.067038 5387.997888 3
455.918003 972.593784 5389.117702 10
867.490724 880.711716 5391.302950 1
637.524574 908.700074 5396.134622 2
963.231929 13.195621 5397.543056 8
230.809169 868.668286 5399.569204 8
175.816950 679.238044 5403.197787 10
122.321392 406.684118 5405.128572 4
597.679105 782.978786 5405.512526 10
586.457681 147.458964 5426.979810 1
862.897375 105.969396 5427.733355 10
980.055336 440.847344 5451.664411 4
641.151029 697.287154 5463.112674 9
789.955505 628.677979 5464.117226 8
750.640474 656.137280 5468.906924 3
466.408817 423.725206 5471.296666 3
841.645794 447.322220 5474.134317 3
407.551652 240.100755 5483.073969 5
157.242445 705.999000 5493.493543 8
295.011933 638.338800 5513.353490 9
399.523182 264.236658 5518.866288 8
259.300145 67.074113 5522.164878 7
727.358019 521.083016 5531.211571 7
190.422852 719.211131 5545.330478 2
689.808146 421.197705 5555.351492 8
746.382971 207.437620 5570.486880 5
655.054393 536.381163 5572.904763 2
599.751286 740.715216 5577.054454 3
474.061455 762.978292 5577.142801 10
321.904836 958.998879 5585.599821 8
793.390833 825.421384 5586.153211 5
441.629699 871.180865 5586.543925 1
550.250543 307.554235 5586.978530 10
376.273723 80.359793 5599.635144 3
732.912900 424.010149 5613.391813 7
971.667568 789.887106 5621.283268 5
967.859349 112.722344 5625.173471 3
39.436385 49.774801 5626.290643 6
749.978325 135.087732 5642.428316 7
846.136361 212.113678 5649.990898 5
456.110192 937.868493 5651.751338 10
270.710130 521.075580 5659.320921 4
590.692170 973.625290 5663.212062 7
670.884746 338.226132 5666.780604 4
613.253903 128.812134 5669.622615 1
140.392212 7.949720 5674.498928 6
972.413880 141.034917 5676.972006 8
629.436505 749.226492 5690.187581 6
461.104081 552.692163 5690.694562 8
646.845023 333.193617 5691.830708 1
619.488232 767.429744 5734.202091 3
461.905569 477.310946 5743.354138 6
53.999600 848.448617 5747.425634 8
821.016219 363.413502 5747.550653 3
523.966644 214.887863 5753.046824 7
45.700731 51.336483 5763.137290 10
933.760022 823.989862 5774.716105 4
309.846040 230.567740 5782.776898 2
269.731448 425.914535 5802.177475 1
882.322427 537.931726 5805.970763 4
886.322209 731.105604 5825.063320 7
135.252973 908.602672 5831.009572 7
488.179811 539.088840 5839.782580 9
854.886663 212.832987 5843.471895 9
425.553093 331.938810 5862.101271 7
691.507338 270.619497 5868.494767 9
397.635254 962.951029 5873.053060 4
592.506474 290.853323 5875.549315 3
764.277894 787.953745 5881.088031 5
566.253856 752.788350 5882.543301 2
815.313005 452.621692 5882.805399 10
870.796859 629.003727 5898.871271 4
706.667616 799.679977 5916.300907 6
376.622643 946.701805 5930.658796 2
14.125030 684.113939 5932.201815 7
457.161981 669.680582 5933.311434 1
869.711910 497.040767 5939.336030 5
187.802427 367.665056 5951.761772 9
153.343955 381.940208 5956.075179 10
232.714757 95.392161 5962.711835 4
357.888645 299.087697 5971.221159 4
575.464652 785.243791 5971.295367 9
783.507459 986.409794 5972.941859 9
98.373340 87.009958 6003.029453 9
376.763874 380.629611 6003.069737 7
165.293506 727.924206 6008.169607 7
538.771910 749.069733 6015.719281 10
228.391751 995.289354 6031.552594 2
91.045794 400.054161 6034.619587 9
598.482837 106.419479 6040.932213 6
633.351646 651.652830 6043.260274 9
561.430752 186.867164 6065.250101 6
931.415823 145.191242 6071.698954 5
388.434095 970.413267 6078.643565 1
63.418686 149.972066 6103.572851 9
686.217514 677.539118 6104.897659 6
19.262636 668.901977 6108.995110 4
899.137192 656.164929 6122.903151 9
832.076186 807.380600 6135.801501 5
335.460217 795.807329 6185.700135 5
635.295396 590.009100 6208.664528 8
293.615498 509.925585 6211.989013 9
913.608413 709.091740 6216.026178 8
970.558025 473.055864 6220.256469 2
116.387643 187.649360 6225.576054 5
707.073036 766.859648 6225.792803 4
224.370320 692.394007 6226.676418 5
393.898901 859.163435 6226.713347 3
559.337812 609.558350 6227.285086 5
349.282307 962.947758 6245.651483 5
58.782610 89.311511 6259.413751 4
938.436531 836.566665 6267.918115 6
448.487875 737.501289 6271.244776 10
509.887760 869.818096 6281.812344 6
687.340629 696.116452 6295.292444 4
759.956388 179.308398 6300.602822 4
353.618838 797.158083 6302.851386 8
401.276289 340.205630 6309.056874 10
824.038584 787.275757 6315.508078 5
87.596290 271.228373 6344.803944 1
773.939024 273.846506 6358.725253 4
399.823032 254.745456 6360.116528 6
587.991056 458.000097 6361.099223 5
663.498258 929.419163 6369.213411 8
373.114831 590.239274 6371.579212 10
308.213701 826.175106 6374.892188 1
59.183292 556.619891 6407.609609 8
138.920356 21.218395 6418.552130 8
713.635143 158.810030 6436.932949 9
662.208482 420.308861 6438.768483 9
739.813887 698.678069 6447.703487 9
733.735609 581.809592 6453.617681 10
361.666368 874.307854 6462.113924 6
84.192259 421.880754 6480.072002 2
690.269367 723.859385 6492.069828 5
618.415632 772.206607 6496.341823 4
152.695386 64.650603 6511.549290 2
24.058406 195.782854 6512.878402 10
876.049746 92.047263 6529.201289 7
479.468654 695.742727 6531.005656 5
670.684202 961.618519 6539.312386 5
915.065869 868.164507 6554.509758 5
778.663148 849.824726 6560.644039 7
919.293895 195.975941 6561.145202 6
502.121780 386.999783 6568.260470 3
238.178221 174.022737 6597.005452 8
873.638898 158.324128 6623.202539 3
30.785505 803.925817 6633.380529 8
417.130784 996.290959 6657.944719 7
272.154414 357.501283 6667.416669 4
136.882556 609.943217 6668.064268 4
578.501365 235.559824 6683.295183 7
959.574446 78.702083 6692.203051 8
902.981822 25.478517 6723.053446 6
325.313517 314.621225 6743.265876 2
723.237645 38.003331 6746.541634 4
360.129777 640.656184 6748.954869 10
11.525675 846.249888 6757.215580 2
555.159107 148.839717 6759.760968 10
287.466903 750.981182 6774.598968 7
610.810482 162.567954 6776.934820 5
381.849233 223.850992 6777.124109 8
961.587758 799.883604 6787.592905 6
726.722651 921.773994 6793.522697 5
144.090807 573.862856 6823.826408 7
518.570156 279.340591 6830.489267 10
919.257724 192.717422 6833.709280 10
405.394186 225.711059 6842.426533 6
443.107385 780.823523 6845.605526 4
424.944637 77.794796 6851.535256 5
684.316900 759.031740 6871.528884 1
952.448723 812.458755 6875.962439 7
205.367440 72.490395 6885.023981 5
235.810291 36.343350 6900.786043 5
751.941378 894.630080 6906.615561 1
407.980305 910.745118 6920.212641 4
262.102261 810.814172 6935.335489 10
156.045934 787.226398 6945.773147 3
148.909654 84.582311 6967.203611 4
215.478651 555.993216 6969.094186 5
299.697029 807.464950 6983.215621 7
353.601790 740.852742 6986.181344 1
731.393288 880.985975 7009.610363 10
521.721322 645.792413 7020.490103 7
645.998385 258.045985 7065.298158 3
731.909433 723.541324 7066.744373 8
402.888003 341.043386 7083.055601 7
980.600048 549.026647 7100.038184 2
225.581434 935.875461 7121.111353 5
693.297140 712.309176 7124.272606 9
167.086742 898.057987 7129.646151 4
122.573944 899.892454 7134.729596 4
490.736069 396.136228 7138.300112 4
544.401408 391.109772 7141.416239 4
316.892213 892.333793 7141.949584 5
509.535852 432.231838 7154.399018 6
201.149913 416.987651 7158.986257 7
838.118176 266.331522 7165.185766 1
660.148567 546.073225 7216.524547 3
460.547024 241.370409 7224.823264 10
206.062932 582.509312 7228.414334 8
967.388434 718.294286 7231.699084 2
901.052631 412.772410 7250.550679 5
119.494294 76.622026 7252.906676 6
682.912611 600.098912 7256.011281 2
622.398621 858.383817 7313.037934 4
770.651395 444.846416 7324.101309 7
313.953690 634.366617 7327.863036 9
206.160233 540.091060 7335.326384 8
545.555976 685.497761 7338.865013 9
61.871399 12.494983 7347.482055 9
521.361069 885.148025 7348.950961 6
309.766922 592.292591 7352.220664 6
902.753108 930.719784 7381.673208 7
483.478454 494.053383 7386.587337 9
429.262158 954.438868 7391.668902 5
498.001055 683.550953 7396.719479 5
164.593485 642.874620 7397.881517 10
910.916316 461.586259 7407.635043 1
814.868462 856.030197 7410.975974 7
768.591325 381.127622 7427.002745 10
786.506382 581.882031 7427.507339 7
105.350054 365.762152 7437.316098 7
834.603866 457.580113 7453.318895 4
996.175178 577.791833 7462.493082 9
16.414603 109.575333 7465.909674 3
180.114394 763.550549 7466.294089 8
340.940954 430.582592 7467.034172 5
920.234056 27.798902 7476.601123 4
771.855051 879.935306 7504.856676 10
597.379481 805.512051 7522.503161 4
681.425366 328.626503 7529.157306 10
385.669565 971.384785 7553.258838 5
585.063753 572.525400 7554.304360 6
172.534366 80.159971 7567.106184 3
559.975043 930.549439 7595.491394 5
453.799218 920.441083 7598.519589 10
904.976196 584.328294 7598.710515 3
9.730617 615.590279 7600.506793 3
254.204865 268.204785 7620.702118 7
113.522969 106.876940 7631.942607 3
153.990138 185.546258 7632.889536 3
829.902942 288.191155 7643.067030 4
616.464575 696.679466 7669.278435 9
254.283141 730.831384 7683.134086 3
347.226349 37.552425 7688.267712 1
258.653623 423.329787 7697.398661 9
432.839376 906.509805 7700.613698 1
120.069684 485.283574 7707.114242 7
392.288731 601.907603 7716.843020 1
341.795777 991.852026 7729.669815 7
56.829712 464.879039 7731.270515 3
581.848268 718.264323 7744.193950 5
959.257459 81.300818 7751.485427 2
482.751241 120.265207 7760.978271 4
28.437229 537.934141 7764.554248 10
709.905711 386.840599 7766.078450 1
992.300536 465.116298 7801.860496 5
63.218670 8.722160 7809.759657 6
850.874231 55.814580 7831.602647 6
420.623041 114.138204 7873.647935 10
28.165369 813.636617 7878.482167 1
178.944121 997.428266 7890.595704 1
666.818183 600.478891 7897.981420 10
434.127736 312.189970 7923.580835 10
762.655596 323.788537 7930.555572 2
511.459853 40.134074 7948.570924 8
501.144408 888.600237 7950.147368 8
736.969960 839.805248 7965.612265 3
28.475888 184.611528 7966.728803 10
701.922976 748.307267 7972.897977 8
847.223378 975.292348 7974.141930 1
139.907898 825.011774 7976.712005 8
773.718900 134.205805 7979.744531 5
403.420271 626.058865 7984.810381 10
113.695188 336.032598 7995.379794 10
646.767413 516.276150 8013.033341 1
101.191401 955.263354 8019.342577 9
449.335039 95.502646 8029.908046 8
641.007913 346.789432 8053.470418 5
817.862513 184.264510 8054.531263 3
854.835874 493.304166 8063.466200 3
579.831553 474.936945 8091.249234 2
263.334300 606.475576 8102.775498 3
27.448461 187.205033 8105.851485 7
514.887191 407.275620 8129.579841 6
976.290343 480.445556 8130.855280 10
83.696757 250.202098 8131.021521 3
279.904395 905.760668 8132.011277 8
967.166547 742.565688 8144.000874 2
851.754204 358.232851 8156.327493 7
689.903505 957.575903 8168.833159 4
664.693877 745.677187 8185.732372 6
917.294626 548.899370 8188.543498 8
60.329526 286.677577 8189.040573 2
745.678095 410.470183 8196.657174 6
379.669084 955.299423 8205.527873 7
729.682006 834.094853 8217.591252 7
121.097985 517.075812 8223.545165 4
671.222445 372.211356 8232.293712 6
608.533517 14.128911 8240.773103 9
454.810435 643.690289 8260.812435 3
848.822898 272.516432 8272.648770 2
826.597899 638.603414 8294.604121 8
208.132407 255.390092 8299.940240 5
417.059555 478.211819 8301.625698 8
230.155655 798.965377 8302.471480 8
999.441387 635.186255 8307.587175 2
56.163954 315.384397 8313.458580 4
830.414695 436.209038 8321.010047 7
81.442003 83.382919 8321.816632 9
305.924670 308.375468 8341.033644 5
589.102023 591.058393 8344.827289 2
551.215640 878.137777 8356.365116 8
36.300814 146.360730 8366.371461 3
740.931922 569.920917 8409.370447 6
97.716629 103.912308 8417.125285 6
883.764695 548.936572 8426.128954 1
797.965886 680.123208 8438.405769 10
934.866882 772.364922 8446.037831 5
359.002212 90.810310 8448.473584 8
384.048116 870.430652 8449.747943 8
142.181341 922.207061 8481.622693 6
172.030215 907.835106 8481.970645 9
545.362919 879.145022 8497.635237 2
136.880714 783.871377 8500.612047 3
351.153717 429.696206 8513.416571 6
142.142505 751.673577 8517.336723 1
171.292373 289.511480 8522.882652 9
64.920251 867.837645 8534.917957 2
831.671621 436.056654 8540.454476 1
361.615371 982.005867 8542.077430 6
138.821433 183.266234 8546.757192 7
846.531759 678.680364 8556.724931 10
315.595013 353.650956 8559.582707 7
480.948571 845.261429 8562.794714 3
842.080799 641.949794 8593.074464 7
253.869561 241.305002 8593.397839 4
442.382926 789.070387 8596.512081 3
828.382556 675.531217 8605.793952 3
112.193587 285.854844 8621.414844 7
379.670986 248.771058 8635.551317 6
780.893805 604.665369 8638.899499 8
439.121205 832.146616 8642.461677 7
20.041783 824.793218 8665.757731 10
640.762965 896.169366 8668.079025 4
497.346113 918.674502 8674.202359 3
971.303820 390.012872 8677.475257 10
91.345738 519.197429 8680.495466 10
448.819645 376.654093 8680.916301 8
855.853738 741.324301 8686.548161 1
627.357615 788.467919 8695.308209 6
197.263471 531.685241 8696.104952 3
40.295155 489.939151 8706.092355 10
216.508169 431.456687 8711.288361 7
711.483761 581.319132 8722.989022 4
923.109748 893.225492 8737.567107 10
186.242472 683.506571 8774.407186 5
8.507424 581.120194 8780.792184 10
816.165939 144.337375 8780.814917 5
519.445392 692.036368 8781.939963 2
469.356723 274.067429 8791.088688 9
728.035650 682.337209 8793.639108 5
127.383074 674.237957 8801.308769 1
214.433991 234.954848 8808.237853 8
361.011475 235.011238 8816.739623 4
622.943682 672.581701 8827.097802 3
728.151427 609.897393 8829.913749 5
849.018349 677.029434 8838.920756 3
15.295527 43.062776 8856.453097 10
739.586120 939.889223 8858.100825 2
923.479203 369.177616 8860.406179 1
97.769774 244.333975 8869.426394 8
199.897003 733.542987 8880.802455 6
957.366445 134.047118 8886.459705 5
695.294894 414.218218 8899.997268 4
553.472495 92.057701 8901.392488 8
840.867931 526.242755 8924.633297 8
488.810668 929.360778 8926.232823 6
806.094787 814.828708 8968.569509 6
702.630827 516.329402 8993.859211 2
53.916405 401.361031 9000.233994 8
520.126506 228.165469 9022.652471 4
415.339618 258.519590 9027.150351 9
543.483298 346.016558 9034.419475 9
744.551683 673.218984 9036.170038 10
510.927722 541.601340 9041.599660 2
104.976367 972.813916 9050.598758 2
631.834963 923.517939 9053.633662 5
344.169264 100.964595 9072.319480 3
134.929232 526.909854 9091.207904 6
604.560602 369.662319 9107.228842 8
472.652375 941.455174 9122.672341 2
645.293347 550.818349 9126.730131 2
101.664638 138.393168 9145.489815 8
782.810827 44.195514 9146.872953 9
191.963230 527.125332 9146.902402 3
324.634363 508.536428 9154.546184 4
258.337417 41.799873 9156.320154 10
968.221528 312.743452 9158.430270 6
466.968192 458.393267 9165.007958 1
497.327243 159.140122 9169.197264 2
362.953215 705.802966 9188.694607 2
836.207493 735.995183 9192.562384 2
272.821846 932.489386 9198.704070 5
189.680716 88.507407 9224.534415 3
18.791222 619.219505 9228.962377 10
896.560074 288.368981 9236.298514 1
702.640220 760.289746 9244.882889 4
213.783739 819.754365 9247.255803 5
630.935258 424.580006 9251.339747 10
812.602381 696.780811 9284.704774 2
607.536527 891.104492 9295.637269 6
132.569084 473.108844 9295.733169 5
998.055644 408.377658 9314.937030 6
388.140118 437.688408 9316.932032 6
308.340022 962.430246 9339.299322 10
453.957555 287.123687 9369.139280 8
372.672191 814.874881 9398.775122 3
989.261620 297.695655 9418.236880 4
396.991452 766.879597 9430.956667 8
382.162157 183.376853 9438.745068 3
423.715117 583.092035 9442.113386 10
323.240326 161.014026 9448.502020 6
307.168001 648.366160 9451.689668 2
608.856134 165.201357 9460.145061 8
435.274450 583.259585 9467.010693 2
64.883385 104.593517 9480.955115 4
884.641434 786.610903 9507.385625 3
853.780717 585.053337 9507.952036 10
55.528272 959.677520 9520.642215 2
746.018699 513.569866 9531.662356 10
148.587725 689.454716 9551.459669 10
134.049111 359.822089 9583.874629 8
30.454164 574.122660 9587.969141 7
630.292106 349.945621 9588.491315 7
126.154384 774.404398 9589.823051 5
427.889461 730.612181 9590.780301 9
270.190955 536.060437 9591.909036 10
937.957334 487.864523 9617.295495 8
786.217848 737.363334 9620.218007 4
416.018407 572.234302 9634.274714 5
286.002950 683.512710 9644.903893 8
686.245586 704.014757 9696.038739 9
434.695209 839.771454 9713.632554 8
15.994797 675.000704 9718.441221 1
189.557667 35.935531 9731.750349 1
672.149690 340.372110 9736.453691 4
461.273766 474.863772 9738.415812 8
155.674777 746.062247 9769.696455 8
980.692211 821.516457 9797.762644 5
203.318537 673.992577 9807.851234 2
550.801786 471.904540 9811.616851 6
383.869381 793.182083 9814.178746 5
577.902600 812.171180 9827.674696 3
98.816740 472.678873 9837.496312 2
375.673778 160.240726 9838.870913 5
926.273950 64.439316 9848.368121 3
415.425185 794.118500 9862.301561 4
6.497515 207.758315 9868.134523 7
318.664167 776.666552 9877.933629 10
748.593811 438.988477 9878.596927 2
802.687238 487.266189 9902.281795 2
841.156110 86.478325 9916.642321 2
891.389965 270.962450 9926.730617 10
919.337392 390.650998 9947.745973 10
916.833344 280.620019 9948.462324 8
775.503932 49.308087 9952.398423 6
569.772569 18.116335 9958.322410 7
422.576660 428.205014 9975.283650 1
743.864438 875.528840 9985.638524 7
467.796841 199.171471 9989.555456 1
79.698936 52.925095 9995.444512 9
727.016564 471.798243 9997.960204 9
